model,area,school,condval,condsd
Type + mESCS,Reading,7600001,-7.87624514497683,12.0107998014242
Type + mESCS,Reading,7600002,5.56304697699348,12.6735747443765
Type + mESCS,Reading,7600005,11.8255217659593,14.7577134281166
Type + mESCS,Reading,7600006,21.585188548968,13.8284575340706
Type + mESCS,Reading,7600007,-8.1554959452618,18.9059550663953
Type + mESCS,Reading,7600009,-11.7968359965065,14.0935654966603
Type + mESCS,Reading,7600010,0.481720154382544,21.8465217404554
Type + mESCS,Reading,7600011,-30.2823270960987,10.1294192218576
Type + mESCS,Reading,7600012,-10.9852480387833,21.3349531053957
Type + mESCS,Reading,7600013,-21.9580094812393,19.3064853704248
Type + mESCS,Reading,7600014,-7.96831497015333,21.4250609856948
Type + mESCS,Reading,7600015,18.0895935890809,14.9843039936016
Type + mESCS,Reading,7600016,25.8301441104183,17.0762164453326
Type + mESCS,Reading,7600017,3.55296693015687,16.9941341328305
Type + mESCS,Reading,7600018,56.344346142918,20.4430470199087
Type + mESCS,Reading,7600019,9.15985690830427,12.0839954241862
Type + mESCS,Reading,7600022,27.3401354347111,11.4765734690582
Type + mESCS,Reading,7600023,-2.56996859323327,19.2264595533273
Type + mESCS,Reading,7600024,11.7112131176348,24.2879445688092
Type + mESCS,Reading,7600025,9.57392989524519,14.0933841855895
Type + mESCS,Reading,7600026,-62.5421004236542,12.6445696044114
Type + mESCS,Reading,7600027,-31.9207886693505,13.2645142982575
Type + mESCS,Reading,7600028,4.04594783147273,19.5599010958415
Type + mESCS,Reading,7600029,20.7291650363035,14.3489851703797
Type + mESCS,Reading,7600031,9.72133054231549,16.6135198167962
Type + mESCS,Reading,7600033,-21.5699804960392,14.5399882072903
Type + mESCS,Reading,7600034,0.848304405296157,15.9075930241274
Type + mESCS,Reading,7600035,19.2036781219725,13.4915662334648
Type + mESCS,Reading,7600036,-8.89341454432898,11.0057076933496
Type + mESCS,Reading,7600037,7.61418169533958,21.7147060793951
Type + mESCS,Reading,7600038,-8.22006534360613,17.3656854375188
Type + mESCS,Reading,7600039,32.6120389084984,18.354056207301
Type + mESCS,Reading,7600041,-32.920646033424,13.2482884284729
Type + mESCS,Reading,7600042,-27.0102573130901,16.3791214846759
Type + mESCS,Reading,7600043,-17.1110952268172,13.2041032556641
Type + mESCS,Reading,7600044,-15.3586973735151,14.3847797876218
Type + mESCS,Reading,7600045,39.2352357072912,17.506761954926
Type + mESCS,Reading,7600046,-8.90133591043832,15.0488794241359
Type + mESCS,Reading,7600047,1.19910702904094,14.9417441218716
Type + mESCS,Reading,7600048,7.59934858996151,13.9613252358925
Type + mESCS,Reading,7600050,-15.8931024164252,19.2411317820201
Type + mESCS,Reading,7600051,16.9544309092127,14.9067898844681
Type + mESCS,Reading,7600052,-21.2858857787436,22.7806411178448
Type + mESCS,Reading,7600053,-1.50003565708224,18.2288735398881
Type + mESCS,Reading,7600054,-28.470078943118,17.0924361472231
Type + mESCS,Reading,7600055,-5.92070083154345,15.822241317476
Type + mESCS,Reading,7600057,12.5443037180458,17.1370510149313
Type + mESCS,Reading,7600058,-6.3061984453984,13.0702583962195
Type + mESCS,Reading,7600060,15.1843301101287,11.5600032427605
Type + mESCS,Reading,7600061,14.5627093158998,14.4406916606232
Type + mESCS,Reading,7600062,4.72059664080378,21.7219660460581
Type + mESCS,Reading,7600063,52.5119163016132,13.0839470841981
Type + mESCS,Reading,7600064,20.6069325110849,14.1516006995331
Type + mESCS,Reading,7600065,-35.0694314573507,14.9282465945129
Type + mESCS,Reading,7600066,-6.30824393798853,13.0284911339044
Type + mESCS,Reading,7600067,10.3764982924074,17.0179586282082
Type + mESCS,Reading,7600068,-8.35555700953408,14.0313297738367
Type + mESCS,Reading,7600069,-30.5844460035863,18.7546222732518
Type + mESCS,Reading,7600070,-28.1416976077814,14.365995859605
Type + mESCS,Reading,7600071,10.0908824449596,23.0403472062127
Type + mESCS,Reading,7600072,13.9351934471845,15.5106234048601
Type + mESCS,Reading,7600073,3.30063024516962,19.6840653167642
Type + mESCS,Reading,7600074,-2.51565842283877,16.135205522866
Type + mESCS,Reading,7600075,25.6218302432374,12.0263684870479
Type + mESCS,Reading,7600076,-59.3271374896784,15.1169860428659
Type + mESCS,Reading,7600077,-5.25681331234073,19.6750936223615
Type + mESCS,Reading,7600078,45.34438847653,12.9606297771578
Type + mESCS,Reading,7600080,-19.8232390485334,21.3237649393999
Type + mESCS,Reading,7600081,-29.7940614738549,17.9809578954161
Type + mESCS,Reading,7600082,33.6263137531136,20.5467009888356
Type + mESCS,Reading,7600083,31.2501301700818,11.7753324243709
Type + mESCS,Reading,7600084,-7.66557026775174,15.572851049563
Type + mESCS,Reading,7600085,18.1771517532677,13.0652766570296
Type + mESCS,Reading,7600086,-8.25648434729232,15.2096911296926
Type + mESCS,Reading,7600087,3.05783639679961,14.1372345854778
Type + mESCS,Reading,7600088,-3.28700413997211,12.7837972623962
Type + mESCS,Reading,7600089,17.6929389963696,13.5900231154982
Type + mESCS,Reading,7600092,-9.72948274519415,13.0717827995126
Type + mESCS,Reading,7600093,-5.24751550988339,15.416682527313
Type + mESCS,Reading,7600094,-8.420020691058,10.3930159494754
Type + mESCS,Reading,7600095,47.7857082391113,18.9615774227689
Type + mESCS,Reading,7600097,5.6045393265856,15.9784001909663
Type + mESCS,Reading,7600098,11.9658385722774,12.5769502116336
Type + mESCS,Reading,7600099,15.5130470468905,15.2898313101051
Type + mESCS,Reading,7600100,-31.9153474251924,13.9800650648003
Type + mESCS,Reading,7600101,12.3706539382908,14.2122255112744
Type + mESCS,Reading,7600102,16.3275805827095,22.780135725403
Type + mESCS,Reading,7600103,-19.4211063194262,12.9431891892919
Type + mESCS,Reading,7600105,-10.8719910023797,16.4769546592722
Type + mESCS,Reading,7600106,-13.6893044576422,14.1292125060145
Type + mESCS,Reading,7600107,-10.891585002825,14.529214960775
Type + mESCS,Reading,7600108,12.4710327487938,13.33876062379
Type + mESCS,Reading,7600109,-1.77054319449155,13.797385942637
Type + mESCS,Reading,7600110,-7.30815290860732,14.6821488166779
Type + mESCS,Reading,7600111,-0.278113646326547,18.6084316769171
Type + mESCS,Reading,7600113,24.5347382265552,13.6571153872609
Type + mESCS,Reading,7600114,17.4930726790247,17.4395642883865
Type + mESCS,Reading,7600115,-8.51625092554519,19.9920211859755
Type + mESCS,Reading,7600116,-12.8502520841025,14.752632239646
Type + mESCS,Reading,7600117,15.3135178528362,13.1032582024968
Type + mESCS,Reading,7600119,-25.9963898233288,13.007288830124
Type + mESCS,Reading,7600121,-10.7732368577768,12.8192640583086
Type + mESCS,Reading,7600122,1.19743219649063,20.9952668567028
Type + mESCS,Reading,7600123,28.1310739214876,14.3900089280842
Type + mESCS,Reading,7600124,-6.53860332210718,12.6098171289163
Type + mESCS,Reading,7600125,39.4385609621918,22.1129185639993
Type + mESCS,Reading,7600127,-58.0861163454443,15.5119408756701
Type + mESCS,Reading,7600128,-2.30970868991366,17.3813480728313
Type + mESCS,Reading,7600129,-35.3168230674744,17.2584410920999
Type + mESCS,Reading,7600130,21.9174380411285,12.3322930866957
Type + mESCS,Reading,7600131,-17.6532928723027,10.9863780189338
Type + mESCS,Reading,7600132,11.3281914516074,17.0954756933873
Type + mESCS,Reading,7600133,-29.4105389663521,14.6459504531488
Type + mESCS,Reading,7600136,18.5913417572772,14.0939429855216
Type + mESCS,Reading,7600137,1.53230949231553,19.1338271794865
Type + mESCS,Reading,7600138,-36.2735518093741,13.7856979767255
Type + mESCS,Reading,7600139,21.399437305547,15.4995471391585
Type + mESCS,Reading,7600140,-0.672962293422933,12.0364643568936
Type + mESCS,Reading,7600143,-17.6268670049712,16.2870366807371
Type + mESCS,Reading,7600144,11.4978125156164,12.5357883770754
Type + mESCS,Reading,7600145,2.93625071313597,18.0301442279267
Type + mESCS,Reading,7600147,3.02574683381225,13.069599476568
Type + mESCS,Reading,7600148,-1.29183472665799,22.5153612549524
Type + mESCS,Reading,7600149,33.9747975742782,14.2810214902037
Type + mESCS,Reading,7600150,9.03795434787934,14.5462259520143
Type + mESCS,Reading,7600151,0.108783593301297,16.8138547903274
Type + mESCS,Reading,7600152,-40.8385477372426,23.2677359441886
Type + mESCS,Reading,7600153,-26.3338237667419,15.7406710736647
Type + mESCS,Reading,7600155,23.9332444741216,19.5919042266697
Type + mESCS,Reading,7600156,-56.3425384714943,11.7464716456884
Type + mESCS,Reading,7600158,33.1303803960434,13.9247267304363
Type + mESCS,Reading,7600159,16.7832225738637,12.0300154035248
Type + mESCS,Reading,7600161,14.1932550777811,14.7756719184831
Type + mESCS,Reading,7600163,-21.2221848772604,12.500634541989
Type + mESCS,Reading,7600164,11.1885186981192,13.4859644982502
Type + mESCS,Reading,7600165,1.68969589669905,12.6334218535934
Type + mESCS,Reading,7600166,-20.0712044622966,16.5265805811898
Type + mESCS,Reading,7600170,-21.2733909264958,15.655062045507
Type + mESCS,Reading,7600172,-18.8371088287422,14.3070127806507
Type + mESCS,Reading,7600175,-4.38944460801299,20.1860371426791
Type + mESCS,Reading,7600176,8.13833207164145,13.413133543178
Type + mESCS,Reading,7600178,-24.0591124764976,13.0249605373182
Type + mESCS,Reading,7600179,-14.9403372866698,12.8729162922313
Type + mESCS,Reading,7600182,-17.997358783873,16.4733289817512
Type + mESCS,Reading,7600183,41.2385255669712,15.3456831543147
Type + mESCS,Reading,7600184,14.0032296467693,17.0876069515302
Type + mESCS,Reading,7600185,-23.0802909639429,13.7250464457853
Type + mESCS,Reading,7600186,34.3159328373653,15.5362264852879
Type + mESCS,Reading,7600187,34.6899603042863,14.0901441911685
Type + mESCS,Reading,7600188,1.51209435944681,13.7322963432245
Type + mESCS,Reading,7600191,-4.55363334463397,19.5280978431401
Type + mESCS,Reading,7600192,21.0106636303972,23.0939002090274
Type + mESCS,Reading,7600193,-21.5540688656864,16.9400547240385
Type + mESCS,Reading,7600194,3.27857721591916,13.849619324458
Type + mESCS,Reading,7600195,28.0686838667975,8.8377067067359
Type + mESCS,Reading,7600196,46.9478985592344,13.6115932804907
Type + mESCS,Reading,7600197,-38.763211870171,14.3197657832992
Type + mESCS,Reading,7600198,-10.8747500631088,12.4984662562183
Type + mESCS,Reading,7600200,-53.9397861829633,13.3347610063727
Type + mESCS,Reading,7600201,3.25850912415833,17.2122774162788
Type + mESCS,Reading,7600202,-24.6418776811647,15.8392334331136
Type + mESCS,Reading,7600203,16.5066753117608,25.3309224230862
Type + mESCS,Reading,7600204,-7.12302796783966,12.0603017140848
Type + mESCS,Reading,7600205,-19.2089929534302,15.4560693897356
Type + mESCS,Reading,7600206,-69.199077403459,14.9978637367801
Type + mESCS,Reading,7600207,5.24462788003194,18.1274282083116
Type + mESCS,Reading,7600208,-35.5133861763835,14.9458846211315
Type + mESCS,Reading,7600209,-8.83973670006966,19.1087589904945
Type + mESCS,Reading,7600212,0.379790980007016,24.5591806696258
Type + mESCS,Reading,7600213,-34.0878675201333,8.99994857524012
Type + mESCS,Reading,7600214,0.548108518079816,11.9658751164295
Type + mESCS,Reading,7600215,37.3808041070187,14.8301380654211
Type + mESCS,Reading,7600217,-19.3997371037369,11.3075591170062
Type + mESCS,Reading,7600218,-4.81983921222373,16.2703119885401
Type + mESCS,Reading,7600219,22.0875892346759,11.2121623795719
Type + mESCS,Reading,7600220,6.03301390029745,20.4430470199087
Type + mESCS,Reading,7600222,32.4805294549681,11.8200643711216
Type + mESCS,Reading,7600223,-22.7766876543743,11.8407423679473
Type + mESCS,Reading,7600224,-4.41267357542648,18.8698762651288
Type + mESCS,Reading,7600225,-20.4160712972998,15.0022430151814
Type + mESCS,Reading,7600227,-15.8255422664962,11.404976081199
Type + mESCS,Reading,7600228,-23.4862417872855,22.048902893028
Type + mESCS,Reading,7600229,16.4910458135685,16.5765173989964
Type + mESCS,Reading,7600230,-11.517703770604,11.6200938886245
Type + mESCS,Reading,7600231,10.3295254617043,12.1042450132085
Type + mESCS,Reading,7600232,-29.2048120587914,16.716894888516
Type + mESCS,Reading,7600233,49.1148025600477,10.1260430378956
Type + mESCS,Reading,7600234,10.7083585702985,15.09269842217
Type + mESCS,Reading,7600235,19.2912700568337,23.5171127261953
Type + mESCS,Reading,7600236,-28.0251892111041,15.8356913662105
Type + mESCS,Reading,7600237,-8.44859891057873,13.5932686497113
Type + mESCS,Reading,7600238,-1.73269721534172,20.3035092868763
Type + mESCS,Reading,7600239,32.0539182570708,12.5628488320599
Type + mESCS,Reading,7600241,-2.65007699211125,21.1670985959723
Type + mESCS,Reading,7600242,-18.0138484198806,12.9462486838607
Type + mESCS,Reading,7600243,-3.17069325741223,15.6663652246924
Type + mESCS,Reading,7600244,-8.30706053656727,17.8768446576404
Type + mESCS,Reading,7600245,17.7498816561015,18.3429501642382
Type + mESCS,Reading,7600246,-9.56604312065731,17.308483230131
Type + mESCS,Reading,7600247,57.3571227367585,13.5982988001064
Type + mESCS,Reading,7600249,5.45329775057511,25.7568994579483
Type + mESCS,Reading,7600250,1.4383709224328,13.847813042531
Type + mESCS,Reading,7600251,22.2824706241789,17.6719868147243
Type + mESCS,Reading,7600252,-13.945815489905,23.9045924806983
Type + mESCS,Reading,7600253,5.2465047712148,9.21236254526373
Type + mESCS,Reading,7600254,38.4993580852414,13.6409825951266
Type + mESCS,Reading,7600255,5.97276711255445,12.7583209713057
Type + mESCS,Reading,7600256,10.3137080890658,26.2197246192752
Type + mESCS,Reading,7600259,-16.3110107953369,21.0652537600724
Type + mESCS,Reading,7600260,8.09806425937634,14.3557023506821
Type + mESCS,Reading,7600261,-44.0594109099206,16.3860221723809
Type + mESCS,Reading,7600262,-6.70464513003451,18.5856291575072
Type + mESCS,Reading,7600263,-20.765614613393,9.35389488536125
Type + mESCS,Reading,7600264,-7.45233369938503,20.1366792569663
Type + mESCS,Reading,7600268,-10.0022025959809,14.8726592699726
Type + mESCS,Reading,7600269,-4.61836199424294,11.0645960319037
Type + mESCS,Reading,7600270,12.4196922986483,14.186855362441
Type + mESCS,Reading,7600271,12.7219694912196,18.4576454938793
Type + mESCS,Reading,7600273,-34.0740995489694,14.867851561864
Type + mESCS,Reading,7600274,-16.3457541207784,12.6105309788753
Type + mESCS,Reading,7600275,19.4929759559571,22.8114256825709
Type + mESCS,Reading,7600276,-4.00820737367802,8.66216863302173
Type + mESCS,Reading,7600277,-5.9891510209486,14.8640515926045
Type + mESCS,Reading,7600278,23.2989565065565,19.2755079308757
Type + mESCS,Reading,7600279,3.14233134188578,17.666016744278
Type + mESCS,Reading,7600280,-8.32656088494402,12.8985536014261
Type + mESCS,Reading,7600281,3.9191053009197,12.0615020448253
Type + mESCS,Reading,7600282,7.79999272590039,10.9138831563926
Type + mESCS,Reading,7600283,13.3705631834098,13.0656734226612
Type + mESCS,Reading,7600284,-10.0148406538993,13.9696900088723
Type + mESCS,Reading,7600285,45.4186448450804,17.7623474465954
Type + mESCS,Reading,7600286,-0.629902953898144,13.918810352871
Type + mESCS,Reading,7600287,6.02016609056855,17.1768386389212
Type + mESCS,Reading,7600288,-11.6780944985483,19.0778263410734
Type + mESCS,Reading,7600289,-18.9758732902072,21.9671474174641
Type + mESCS,Reading,7600290,6.59796410335233,14.9838030785945
Type + mESCS,Reading,7600291,35.5404064379078,12.785799545101
Type + mESCS,Reading,7600293,-19.7262453816617,17.1501000309115
Type + mESCS,Reading,7600294,63.1862276302087,15.3000100821251
Type + mESCS,Reading,7600295,1.83570682594393,14.5919460607573
Type + mESCS,Reading,7600296,2.43164259906885,16.3894193681921
Type + mESCS,Reading,7600297,14.8871806467536,14.9231271825274
Type + mESCS,Reading,7600298,-11.8268439331016,15.2059716752802
Type + mESCS,Reading,7600299,3.3218464488702,17.4055802225289
Type + mESCS,Reading,7600300,-21.8520165606107,14.7301916267321
Type + mESCS,Reading,7600302,-9.27613722845341,17.3343874010452
Type + mESCS,Reading,7600304,39.7045146397215,16.6781881451093
Type + mESCS,Reading,7600305,2.28400201913329,18.8659005127974
Type + mESCS,Reading,7600307,4.49556335077363,13.2980415645021
Type + mESCS,Reading,7600308,-27.2171963103752,13.5000180211316
Type + mESCS,Reading,7600309,-8.47053154839716,16.728362049337
Type + mESCS,Reading,7600310,-37.7234048164549,16.578749627588
Type + mESCS,Reading,7600312,-47.2536179761356,13.8809631915505
Type + mESCS,Reading,7600313,-1.89372429668414,21.5200406521021
Type + mESCS,Reading,7600316,-10.2234810056645,22.9023896054293
Type + mESCS,Reading,7600317,-27.9798320590305,15.6281413501291
Type + mESCS,Reading,7600318,81.362259522591,16.9516311008669
Type + mESCS,Reading,7600319,-2.78648867560725,16.6077851885058
Type + mESCS,Reading,7600320,41.0367586514525,13.0522014567387
Type + mESCS,Reading,7600322,-17.1089479649896,17.3837461221583
Type + mESCS,Reading,7600323,-11.3203655613654,13.0486566972514
Type + mESCS,Reading,7600324,3.24161664088265,13.8474656511306
Type + mESCS,Reading,7600325,8.55040136790698,12.613551536219
Type + mESCS,Reading,7600326,-19.8264311236534,12.9657438753896
Type + mESCS,Reading,7600327,-11.9342323596896,17.1405593143436
Type + mESCS,Reading,7600328,0.786303027725024,21.0966740617058
Type + mESCS,Reading,7600329,43.1963485482724,14.7204125316039
Type + mESCS,Reading,7600330,2.55042196657381,15.883624105386
Type + mESCS,Reading,7600332,11.3519126455054,24.9707202575082
Type + mESCS,Reading,7600333,32.4873084045913,17.1077527901851
Type + mESCS,Reading,7600334,-2.52441585284614,17.9053836069063
Type + mESCS,Reading,7600335,-10.526484031001,13.3153472564482
Type + mESCS,Reading,7600336,-45.4456731109269,17.9842777331678
Type + mESCS,Reading,7600337,1.73946739580154,12.7700321001017
Type + mESCS,Reading,7600338,-7.23194250279747,15.3617972697494
Type + mESCS,Reading,7600339,-3.90372886404168,16.1373004069887
Type + mESCS,Reading,7600341,-2.11648635823422,12.7731804264618
Type + mESCS,Reading,7600342,-44.5727775885101,18.8355614724034
Type + mESCS,Reading,7600343,34.7579233625831,13.23434149411
Type + mESCS,Reading,7600344,21.2366105353866,25.0295965354445
Type + mESCS,Reading,7600345,16.2237670114741,18.4811137846605
Type + mESCS,Reading,7600347,25.226177273876,17.7567747520433
Type + mESCS,Reading,7600348,-25.3145673003916,13.7993493435439
Type + mESCS,Reading,7600349,6.02172859419473,16.9949317564326
Type + mESCS,Reading,7600351,-33.0618047678833,24.4699654536685
Type + mESCS,Reading,7600352,38.4437827740605,15.0674267968565
Type + mESCS,Reading,7600353,-19.7090359981633,12.6691826436626
Type + mESCS,Reading,7600354,-24.7862984483893,14.2421612487929
Type + mESCS,Reading,7600357,-5.92708183300373,17.9995528469754
Type + mESCS,Reading,7600358,10.0904938262289,21.6638419713409
Type + mESCS,Reading,7600359,-1.2920766643442,16.1473317672716
Type + mESCS,Reading,7600360,-13.9607819807607,12.7446130256806
Type + mESCS,Reading,7600361,23.1549922732509,15.0356278829959
Type + mESCS,Reading,7600362,1.54625761367967,17.0041763918487
Type + mESCS,Reading,7600363,-16.4770408685744,13.4085645412273
Type + mESCS,Reading,7600364,15.8387762150932,19.2961340701879
Type + mESCS,Reading,7600365,15.0269167670632,13.9601946155017
Type + mESCS,Reading,7600366,-17.1078303570473,14.6031995037658
Type + mESCS,Reading,7600367,15.369426265453,13.1185246331317
Type + mESCS,Reading,7600368,-10.2335160589094,20.9878706111374
Type + mESCS,Reading,7600369,-33.0885493381669,14.3875297834987
Type + mESCS,Reading,7600370,-17.8992675983691,21.5293083524749
Type + mESCS,Reading,7600372,24.8016089993953,20.4318111736313
Type + mESCS,Reading,7600373,3.64616438147204,12.8566491211799
Type + mESCS,Reading,7600374,17.1887681368538,13.3058887400522
Type + mESCS,Reading,7600375,2.92242870085051,20.0180651367963
Type + mESCS,Reading,7600376,1.38971884388203,14.3755294664877
Type + mESCS,Reading,7600377,55.6671421777747,19.1548134821095
Type + mESCS,Reading,7600378,-2.54190930844214,15.6535540123428
Type + mESCS,Reading,7600379,-17.072829607009,14.4567437304507
Type + mESCS,Reading,7600380,6.47680722873176,15.2002536556473
Type + mESCS,Reading,7600382,-10.8054797373519,14.9863632770806
Type + mESCS,Reading,7600383,-18.2057429729831,15.7623310483322
Type + mESCS,Reading,7600384,3.59038459162012,13.1003635539101
Type + mESCS,Reading,7600385,15.398190117767,16.0049080480497
Type + mESCS,Reading,7600386,3.21802205803469,12.1678916743814
Type + mESCS,Reading,7600388,66.5562212469239,12.1833755374182
Type + mESCS,Reading,7600389,8.3080500459964,15.3376253357242
Type + mESCS,Reading,7600391,-28.7291804113206,14.3847084159616
Type + mESCS,Reading,7600394,-14.3925233485145,23.1433709745623
Type + mESCS,Reading,7600395,0.603867827601023,13.4889576900304
Type + mESCS,Reading,7600396,47.2348207373887,15.3809137296115
Type + mESCS,Reading,7600397,-18.2282947309437,12.9298942259296
Type + mESCS,Reading,7600398,10.5925327385812,14.6588563228245
Type + mESCS,Reading,7600399,25.5028100781773,13.4494277288699
Type + mESCS,Reading,7600400,-29.8590943093972,13.5408608253532
Type + mESCS,Reading,7600402,-8.26112225878315,16.1126624385084
Type + mESCS,Reading,7600403,-22.9367900582994,13.3676230983323
Type + mESCS,Reading,7600404,-9.07318309165743,13.1464524591811
Type + mESCS,Reading,7600405,3.89832571199105,15.0026394144961
Type + mESCS,Reading,7600406,-32.449407932035,13.4291006772156
Type + mESCS,Reading,7600407,18.7686300387114,18.6327555290995
Type + mESCS,Reading,7600408,-2.26801775428446,10.255444084604
Type + mESCS,Reading,7600410,-13.184581546622,19.2893543754747
Type + mESCS,Reading,7600411,37.665071097242,17.4854434893065
Type + mESCS,Reading,7600412,11.6169910488995,21.4304343865824
Type + mESCS,Reading,7600413,-5.50006640676344,10.8514156472705
Type + mESCS,Reading,7600415,-4.90018991465944,19.5423586783851
Type + mESCS,Reading,7600417,-27.7421063594142,14.0172167515491
Type + mESCS,Reading,7600418,6.16320490121455,21.2012147564464
Type + mESCS,Reading,7600419,-10.4158689338056,16.9105882986585
Type + mESCS,Reading,7600420,11.5735454200628,15.2119327279028
Type + mESCS,Reading,7600422,-0.708916709004733,14.1403216787642
Type + mESCS,Reading,7600425,3.55724000306829,17.1989086815485
Type + mESCS,Reading,7600426,2.95413297162565,16.4189262675397
Type + mESCS,Reading,7600427,25.0298032634992,12.9382393886564
Type + mESCS,Reading,7600428,64.7948712868853,14.8326980423754
Type + mESCS,Reading,7600429,-7.47090064357204,16.5801693771888
Type + mESCS,Reading,7600430,8.83999222322621,13.8482152749797
Type + mESCS,Reading,7600431,28.4492061298852,19.635927207273
Type + mESCS,Reading,7600432,-20.8656734873155,15.5746498580392
Type + mESCS,Reading,7600433,17.2917375630335,19.6015204066123
Type + mESCS,Reading,7600434,11.920639042032,13.1278882214321
Type + mESCS,Reading,7600436,-25.9429784503786,13.2770345196591
Type + mESCS,Reading,7600438,44.6508324472183,24.9930428637011
Type + mESCS,Reading,7600439,-16.4780004192312,12.5135669591038
Type + mESCS,Reading,7600440,9.87956413594562,19.7394587427888
Type + mESCS,Reading,7600442,-2.06146675702706,21.9949997633777
Type + mESCS,Reading,7600443,30.0107936087352,9.81620449258658
Type + mESCS,Reading,7600444,-17.095276347477,13.4454642289419
Type + mESCS,Reading,7600445,5.61384658832972,14.7733077083716
Type + mESCS,Reading,7600446,-6.22735996046807,15.3644311308229
Type + mESCS,Reading,7600447,-13.0488044572678,16.2735698620362
Type + mESCS,Reading,7600448,-9.40839233727868,12.7851331343207
Type + mESCS,Reading,7600449,27.6386382017666,16.9799519827906
Type + mESCS,Reading,7600450,-19.4426969062126,14.8962820092384
Type + mESCS,Reading,7600451,-24.9003608541954,14.1491724883066
Type + mESCS,Reading,7600454,3.18168983096273,14.6151497963128
Type + mESCS,Reading,7600456,-44.8589359293207,13.1546790035646
Type + mESCS,Reading,7600457,2.70796400555296,20.5226849128735
Type + mESCS,Reading,7600458,-10.9842693965574,18.07140117066
Type + mESCS,Reading,7600459,-22.3511235019149,17.5374516871656
Type + mESCS,Reading,7600460,19.4581852876342,16.1500576078325
Type + mESCS,Reading,7600461,-8.67678647522171,13.4196236694744
Type + mESCS,Reading,7600462,21.2119697559597,18.4488425240808
Type + mESCS,Reading,7600463,12.2017588003709,14.1623943359418
Type + mESCS,Reading,7600468,-25.5534663919262,12.4135681605054
Type + mESCS,Reading,7600470,23.270798740988,19.5370423141623
Type + mESCS,Reading,7600471,12.4110639214507,13.1138997425814
Type + mESCS,Reading,7600474,-21.7591482476186,17.6882063354578
Type + mESCS,Reading,7600475,-15.9236741253138,16.0715128856741
Type + mESCS,Reading,7600476,-10.6042657623701,25.1876045211578
Type + mESCS,Reading,7600477,14.960170571151,16.4849125484185
Type + mESCS,Reading,7600478,14.3257624138854,21.3101541812857
Type + mESCS,Reading,7600480,30.3413684650138,15.4154963451825
Type + mESCS,Reading,7600481,5.61059883541176,18.1886533828561
Type + mESCS,Reading,7600483,-17.9466983066899,12.4386026268576
Type + mESCS,Reading,7600485,-0.250142968899695,14.6956672354249
Type + mESCS,Reading,7600488,62.5182200837639,14.4805172637869
Type + mESCS,Reading,7600489,26.2958346630696,18.6527598545027
Type + mESCS,Reading,7600490,-42.2069644529884,18.6688316018798
Type + mESCS,Reading,7600492,27.8583784515706,19.3183248182962
Type + mESCS,Reading,7600493,-30.4833458310381,11.6420615539114
Type + mESCS,Reading,7600497,69.0004483008559,15.0806632399105
Type + mESCS,Reading,7600498,2.55241264148365,14.6418856841298
Type + mESCS,Reading,7600499,14.5732479478831,13.703214890145
Type + mESCS,Reading,7600500,41.3173676869038,15.9513252653517
Type + mESCS,Reading,7600501,26.6196302631244,13.9058535717349
Type + mESCS,Reading,7600502,3.69124936222483,14.7557291636938
Type + mESCS,Reading,7600503,-0.969982150501536,22.1221396214551
Type + mESCS,Reading,7600504,-15.2128476794137,17.5681851989567
Type + mESCS,Reading,7600505,11.3356445210534,12.367478498981
Type + mESCS,Reading,7600506,66.6317258735971,13.3962415818799
Type + mESCS,Reading,7600507,-28.7267920137678,18.2068824945499
Type + mESCS,Reading,7600508,-42.8834106181569,12.4812415309894
Type + mESCS,Reading,7600509,34.9299271348102,16.568452292485
Type + mESCS,Reading,7600512,-25.5623954081577,19.3766088249138
Type + mESCS,Reading,7600514,-70.4066864652006,13.4203855400256
Type + mESCS,Reading,7600515,-47.3657992423425,15.2837393791993
Type + mESCS,Reading,7600516,-13.2587809742501,15.2878259535574
Type + mESCS,Reading,7600517,-14.9719167511293,12.3536245536312
Type + mESCS,Reading,7600520,-31.8901959373772,13.5922536314233
Type + mESCS,Reading,7600521,-42.6543988410152,17.3024385852314
Type + mESCS,Reading,7600522,-1.62513398577917,24.6222523377644
Type + mESCS,Reading,7600523,5.27374351819254,17.4045519302158
Type + mESCS,Reading,7600524,-10.5905597349076,17.8435290716472
Type + mESCS,Reading,7600526,79.5939074510859,13.9122722342428
Type + mESCS,Reading,7600527,3.30834124639845,14.8483169269442
Type + mESCS,Reading,7600529,37.5572297862861,15.4675452687213
Type + mESCS,Reading,7600530,-11.7741022677991,14.2113029984003
Type + mESCS,Reading,7600531,21.8594374843453,10.9525932899028
Type + mESCS,Reading,7600532,-11.3368929669688,19.4766679159922
Type + mESCS,Reading,7600533,21.7497112841804,12.3492259800032
Type + mESCS,Reading,7600535,-18.3581595904215,24.175577993033
Type + mESCS,Reading,7600537,-15.9715486701431,16.146528720382
Type + mESCS,Reading,7600539,-26.9879018911414,20.3227267868272
Type + mESCS,Reading,7600540,-22.9552022784748,12.4692226413686
Type + mESCS,Reading,7600541,39.987294698019,12.7674759265704
Type + mESCS,Reading,7600542,18.5969949247149,12.3700377577255
Type + mESCS,Reading,7600543,37.2688680879359,14.8922736077828
Type + mESCS,Reading,7600544,16.6636954056649,23.2094810886106
Type + mESCS,Reading,7600546,-27.3389794202529,12.5201874380597
Type + mESCS,Reading,7600547,46.3271452535134,11.5066636196721
Type + mESCS,Reading,7600548,-4.38556882419439,17.6001842718913
Type + mESCS,Reading,7600549,12.6022186693187,19.2558157837332
Type + mESCS,Reading,7600550,-8.22710046996457,14.7203980209766
Type + mESCS,Reading,7600551,23.8305527865043,9.29129378753883
Type + mESCS,Reading,7600552,-15.0565888594627,24.2327969408478
Type + mESCS,Reading,7600553,2.02459639853268,15.8775028298245
Type + mESCS,Reading,7600554,-20.1121541518306,21.881652232233
Type + mESCS,Reading,7600555,2.00564727193656,12.6643342435245
Type + mESCS,Reading,7600556,-21.6000957771453,15.1883517328449
Type + mESCS,Reading,7600557,-6.20748059238551,15.3498734119822
Type + mESCS,Reading,7600558,-14.1146430631077,18.1238869971603
Type + mESCS,Reading,7600560,-79.0109495937566,9.51683769300517
Type + mESCS,Reading,7600561,21.2017514552466,25.0508088732469
Type + mESCS,Reading,7600563,10.9121562837421,14.4592944427957
Type + mESCS,Reading,7600565,-10.5420402367563,19.5797547685112
Type + mESCS,Reading,7600566,-21.6434384209766,17.7522581264384
Type + mESCS,Reading,7600567,-23.4515800298246,17.1130363596549
Type + mESCS,Reading,7600568,5.56945942932168,11.7440682549076
Type + mESCS,Reading,7600570,-43.21228767418,15.1975075618134
Type + mESCS,Reading,7600571,7.01127784708868,17.1111298375086
Type + mESCS,Reading,7600573,-27.5343684093731,15.8077488718197
Type + mESCS,Reading,7600574,-12.0041995366244,13.3931685690247
Type + mESCS,Reading,7600575,29.5936491842015,11.590905599391
Type + mESCS,Reading,7600577,-25.357489646399,17.7434059046719
Type + mESCS,Reading,7600578,-16.9503147393024,14.8444396350871
Type + mESCS,Reading,7600579,-23.1499120702704,14.4135823653097
Type + mESCS,Reading,7600580,7.44426953843539,25.3690884671087
Type + mESCS,Reading,7600581,-12.4782951806305,14.4093185644159
Type + mESCS,Reading,7600582,-36.3011327414738,13.8812271436529
Type + mESCS,Reading,7600583,45.0580687752662,10.7270833506468
Type + mESCS,Reading,7600584,27.0512115014921,13.3226849947153
Type + mESCS,Reading,7600586,9.8965155480257,14.0375386617766
Type + mESCS,Reading,7600587,18.5698414768179,15.6122056335375
Type + mESCS,Reading,7600589,-31.0051858352236,11.7905142921488
Type + mESCS,Reading,7600590,4.03378846103794,11.4446309713426
Type + mESCS,Reading,7600591,12.3619925708016,23.7957066472197
Type + mESCS,Reading,7600593,-14.3147801636034,18.3130808118865
Type + mESCS,Reading,7600594,6.67510501741116,12.5112086234335
Type + mESCS,Reading,7600595,-23.4064463741086,12.3168777854949
Type + mESCS,Reading,7600596,-25.495105738034,15.4081256285183
Type + mESCS,Reading,7600597,2.23315840882511,21.3538616372963
Type + mESCS,Reading,7600598,58.9057886434253,11.8943901815558
Type + mESCS,Reading,7600600,-19.1565524590725,19.8059527290884
Type + mESCS,Reading,7600601,24.7437449867729,12.0237518802871
Type + mESCS,Reading,7600602,-1.23121251553601,16.4647318107314
Type + mESCS,Reading,7600603,21.72943451686,17.8505919200414
Type + mESCS,Reading,7600604,12.0378852323259,22.3473063221233
Type + mESCS,Reading,7600605,-24.0906328359921,11.2692674279093
Type + mESCS,Reading,7600608,-10.3579250322564,13.8042513332851
Type + mESCS,Reading,7600609,-8.91850874439708,21.2481868392419
Type + mESCS,Reading,7600610,-50.3670766146797,17.5981548328201
Type + mESCS,Reading,7600611,18.2385822342612,15.3652130659051
Type + mESCS,Reading,7600612,-25.1390316582972,15.9480400920431
Type + mESCS,Reading,7600613,16.2969181760955,20.0497205723269
Type + mESCS,Reading,7600615,37.6802978619291,15.4802019292837
Type + mESCS,Reading,7600616,15.9536079378063,11.683468162592
Type + mESCS,Reading,7600617,10.474864067602,12.6866951126392
Type + mESCS,Reading,7600618,2.11564954026665,21.6578462913408
Type + mESCS,Reading,7600619,-54.1792337932008,18.7304537276823
Type + mESCS,Reading,7600620,6.58984784102642,13.5547755904866
Type + mESCS,Reading,7600621,-2.08001733508989,12.8169220292279
Type + mESCS,Reading,7600622,-2.034002011921,16.937658188305
Type + mESCS,Reading,7600624,6.39822473828134,13.2318106439111
Type + mESCS,Reading,7600625,-0.945952811873106,14.6995362603715
Type + mESCS,Mathematics,7600001,-6.19376102752884,10.5699962703508
Type + mESCS,Mathematics,7600002,3.95447732265447,11.1654764736626
Type + mESCS,Mathematics,7600005,3.3792465692054,13.0517088406785
Type + mESCS,Mathematics,7600006,2.0740790876731,12.2079899506804
Type + mESCS,Mathematics,7600007,-6.03363813001781,16.8806923710048
Type + mESCS,Mathematics,7600009,-13.395593662207,12.4482339907729
Type + mESCS,Mathematics,7600010,2.3074651754226,19.6700066237008
Type + mESCS,Mathematics,7600011,-10.6004630996447,8.88961363372638
Type + mESCS,Mathematics,7600012,-6.64815251247753,19.179588237365
Type + mESCS,Mathematics,7600013,-20.2640258137366,17.2565754049878
Type + mESCS,Mathematics,7600014,1.37380548224222,19.2658042915556
Type + mESCS,Mathematics,7600015,9.94432810574525,13.2581443227742
Type + mESCS,Mathematics,7600016,20.1444280889829,15.1781342617822
Type + mESCS,Mathematics,7600017,-5.63820928377506,15.102288947814
Type + mESCS,Mathematics,7600018,30.1647601271673,18.3299296887816
Type + mESCS,Mathematics,7600019,22.2003532334067,10.635664514792
Type + mESCS,Mathematics,7600022,27.6590508080533,10.0914014127932
Type + mESCS,Mathematics,7600023,-9.40320844838492,17.1813779062732
Type + mESCS,Mathematics,7600024,21.2645588541051,22.0440575033956
Type + mESCS,Mathematics,7600025,10.6225954251631,12.448069560969
Type + mESCS,Mathematics,7600026,-32.8327279114722,11.1393750061511
Type + mESCS,Mathematics,7600027,-31.8385697484836,11.6981130062752
Type + mESCS,Mathematics,7600028,-17.1451663531961,17.4950229902839
Type + mESCS,Mathematics,7600029,7.12888849933063,12.6800426661025
Type + mESCS,Mathematics,7600031,23.5334643104206,14.7511604731515
Type + mESCS,Mathematics,7600033,-8.97657812127496,12.8536144617049
Type + mESCS,Mathematics,7600034,6.31368078601287,14.1023134290554
Type + mESCS,Mathematics,7600035,15.6599889427263,11.9032079732176
Type + mESCS,Mathematics,7600036,-10.0132775225031,9.67054483316267
Type + mESCS,Mathematics,7600037,5.3879818602011,19.5434200414432
Type + mESCS,Mathematics,7600038,3.77593394912755,15.4459593461391
Type + mESCS,Mathematics,7600039,22.3777626026946,16.3646888335106
Type + mESCS,Mathematics,7600041,-12.4729051008727,11.6834658519972
Type + mESCS,Mathematics,7600042,-39.092725376005,14.5353755378383
Type + mESCS,Mathematics,7600043,-3.55709277486731,11.6435861669789
Type + mESCS,Mathematics,7600044,-4.41052149875715,12.7125558297294
Type + mESCS,Mathematics,7600045,22.9494853087903,15.5766882446676
Type + mESCS,Mathematics,7600046,-6.17204385417288,13.317027873421
Type + mESCS,Mathematics,7600047,-15.0488849768293,13.2193484970341
Type + mESCS,Mathematics,7600048,-1.15364578569132,12.3283512482762
Type + mESCS,Mathematics,7600050,-28.2319627166116,17.1951612699071
Type + mESCS,Mathematics,7600051,14.5736135766054,13.1874931647639
Type + mESCS,Mathematics,7600052,-5.50886698121209,20.5715955083813
Type + mESCS,Mathematics,7600053,-1.15095254819389,16.2479522311452
Type + mESCS,Mathematics,7600054,1.98686303490215,15.1931266888424
Type + mESCS,Mathematics,7600055,-4.59027167540319,14.0240677417493
Type + mESCS,Mathematics,7600057,9.58028806745688,15.2343745797731
Type + mESCS,Mathematics,7600058,-5.71096681957661,11.5228405635341
Type + mESCS,Mathematics,7600060,-1.51686995619114,10.1660643457708
Type + mESCS,Mathematics,7600061,5.24685154372674,12.7633556144252
Type + mESCS,Mathematics,7600062,3.92392910505,19.5503879884887
Type + mESCS,Mathematics,7600063,48.0679269900089,11.5351856271817
Type + mESCS,Mathematics,7600064,22.4719304954341,12.5008744949646
Type + mESCS,Mathematics,7600065,-18.873373708118,13.2070468057047
Type + mESCS,Mathematics,7600066,17.2879907524928,11.4851785029685
Type + mESCS,Mathematics,7600067,1.94581137225898,15.124298650377
Type + mESCS,Mathematics,7600068,-7.68494086520295,12.3918028139104
Type + mESCS,Mathematics,7600069,-11.0651304038246,16.7389820235699
Type + mESCS,Mathematics,7600070,-23.4862814815411,12.6954930628061
Type + mESCS,Mathematics,7600071,7.99609387470993,20.82370610998
Type + mESCS,Mathematics,7600072,2.0335568911303,13.7387584918843
Type + mESCS,Mathematics,7600073,12.0326249059742,17.6120336175792
Type + mESCS,Mathematics,7600074,-5.34049458463357,14.3111891913613
Type + mESCS,Mathematics,7600075,22.7147502242395,10.5839619388941
Type + mESCS,Mathematics,7600076,-41.5784030267635,13.3791566188072
Type + mESCS,Mathematics,7600077,3.61095678864278,17.6035748125236
Type + mESCS,Mathematics,7600078,37.3176539823172,11.4240046819531
Type + mESCS,Mathematics,7600080,-14.9692595171167,19.1688882079356
Type + mESCS,Mathematics,7600081,-17.6630866704168,16.0170884789574
Type + mESCS,Mathematics,7600082,42.4595828485259,18.4283327560766
Type + mESCS,Mathematics,7600083,7.61061715498065,10.3589006101431
Type + mESCS,Mathematics,7600084,-16.1653778862888,13.7956871371033
Type + mESCS,Mathematics,7600085,-1.11922571335869,11.5183480321914
Type + mESCS,Mathematics,7600086,-4.51721423870825,13.463766679337
Type + mESCS,Mathematics,7600087,0.742215240903966,12.4878421626288
Type + mESCS,Mathematics,7600088,-17.7483146124129,11.264700063503
Type + mESCS,Mathematics,7600089,4.80358228791183,11.9922223108899
Type + mESCS,Mathematics,7600092,-15.992128913046,11.524215293676
Type + mESCS,Mathematics,7600093,7.92211654414404,13.6528596046293
Type + mESCS,Mathematics,7600094,-6.54226488189624,9.12422396560988
Type + mESCS,Mathematics,7600095,27.8127616237947,16.9328203885318
Type + mESCS,Mathematics,7600097,-7.28485176972166,14.1672584740184
Type + mESCS,Mathematics,7600098,-2.55873622011589,11.0785398649606
Type + mESCS,Mathematics,7600099,14.4972790500039,13.5369481875946
Type + mESCS,Mathematics,7600100,-25.693397026888,12.3453344150831
Type + mESCS,Mathematics,7600101,2.4606285536602,12.5558826115437
Type + mESCS,Mathematics,7600102,21.9317988814028,20.5711055233272
Type + mESCS,Mathematics,7600103,-30.2422122451621,11.4082863209126
Type + mESCS,Mathematics,7600105,-12.2870181118269,14.625398231554
Type + mESCS,Mathematics,7600106,-8.62763527463173,12.4805653376426
Type + mESCS,Mathematics,7600107,-2.77855294651564,12.8438192134096
Type + mESCS,Mathematics,7600108,20.7115115209544,11.7651517103932
Type + mESCS,Mathematics,7600109,-16.8638551776384,12.1798559730996
Type + mESCS,Mathematics,7600110,-2.21281921061561,12.9829282710107
Type + mESCS,Mathematics,7600111,-8.39878735020779,16.6022458079771
Type + mESCS,Mathematics,7600113,36.6674155355466,12.052907646069
Type + mESCS,Mathematics,7600114,31.5546386598518,15.5144028079912
Type + mESCS,Mathematics,7600115,10.5415756159457,17.9027663192661
Type + mESCS,Mathematics,7600116,-8.18539229950357,13.0470828550299
Type + mESCS,Mathematics,7600117,2.76471583933749,11.5526027639414
Type + mESCS,Mathematics,7600119,-27.0024028061645,11.4660632860526
Type + mESCS,Mathematics,7600121,-23.0810100592394,11.2966396404586
Type + mESCS,Mathematics,7600122,1.12896126008206,18.8552015874024
Type + mESCS,Mathematics,7600123,32.24256894377,12.7173061597658
Type + mESCS,Mathematics,7600124,-0.0072976143340544,11.1081066370051
Type + mESCS,Mathematics,7600125,20.1777581743967,19.9263110093642
Type + mESCS,Mathematics,7600127,-59.2976737954654,13.7399635406233
Type + mESCS,Mathematics,7600128,5.79187779374483,15.4604666238111
Type + mESCS,Mathematics,7600129,-25.9756388582001,15.3466695415089
Type + mESCS,Mathematics,7600130,32.3519016372349,10.8586022290468
Type + mESCS,Mathematics,7600131,-1.64864444758293,9.65328700463098
Type + mESCS,Mathematics,7600132,9.24005126280987,15.1959364360943
Type + mESCS,Mathematics,7600133,-19.5995608287752,12.9499907222782
Type + mESCS,Mathematics,7600136,4.10701681195883,12.4485763334563
Type + mESCS,Mathematics,7600137,9.88202901775228,17.0943947527082
Type + mESCS,Mathematics,7600138,-21.8168851295596,12.1692742912566
Type + mESCS,Mathematics,7600139,30.8037615744307,13.7286277805799
Type + mESCS,Mathematics,7600140,-0.682864653843891,10.5930188569165
Type + mESCS,Mathematics,7600143,-9.91043145038236,14.450696343472
Type + mESCS,Mathematics,7600144,11.6662187903719,11.041517999155
Type + mESCS,Mathematics,7600145,18.4872346538708,16.0628576309515
Type + mESCS,Mathematics,7600147,7.70134218920622,11.5222463431619
Type + mESCS,Mathematics,7600148,-4.1217252968392,20.3147339317666
Type + mESCS,Mathematics,7600149,29.8734345127482,12.6183281528432
Type + mESCS,Mathematics,7600150,2.83668247455281,12.8592862271517
Type + mESCS,Mathematics,7600151,-16.5433057589088,14.9358605435488
Type + mESCS,Mathematics,7600152,-45.0214606491167,21.0449774781616
Type + mESCS,Mathematics,7600153,-27.0782618045478,13.9493290612043
Type + mESCS,Mathematics,7600155,14.5198625547709,17.5251708830851
Type + mESCS,Mathematics,7600156,-59.0655813677739,10.3330432755791
Type + mESCS,Mathematics,7600158,30.0906349655763,12.2951886550929
Type + mESCS,Mathematics,7600159,20.0289479060991,10.5872335053335
Type + mESCS,Mathematics,7600161,6.77138805468025,13.0680596342375
Type + mESCS,Mathematics,7600163,-16.1939459676078,11.0099059483949
Type + mESCS,Mathematics,7600164,0.323315497759355,11.8981449146759
Type + mESCS,Mathematics,7600165,7.4460267080767,11.1293442701715
Type + mESCS,Mathematics,7600166,-9.22875875451008,14.6710850318363
Type + mESCS,Mathematics,7600170,-6.11117732318709,13.8709320158848
Type + mESCS,Mathematics,7600172,-12.602847115395,12.6419267037336
Type + mESCS,Mathematics,7600175,1.04376702066113,18.0863168484076
Type + mESCS,Mathematics,7600176,4.01780482776565,11.8323316069969
Type + mESCS,Mathematics,7600178,-18.7079351839601,11.4819952993132
Type + mESCS,Mathematics,7600179,-1.83291512899282,11.3449672178535
Type + mESCS,Mathematics,7600182,-8.16159064110806,14.6220609484413
Type + mESCS,Mathematics,7600183,41.3968987468951,13.5879719587077
Type + mESCS,Mathematics,7600184,6.8888094364494,15.1886627186409
Type + mESCS,Mathematics,7600185,-25.8302463579121,12.1143745870778
Type + mESCS,Mathematics,7600186,37.8630220499184,13.7621786187845
Type + mESCS,Mathematics,7600187,29.8443238987803,12.4451312602917
Type + mESCS,Mathematics,7600188,-18.794746240082,12.120935973137
Type + mESCS,Mathematics,7600191,-5.04893028376845,17.4650712122089
Type + mESCS,Mathematics,7600192,16.9818857718001,20.8757733084419
Type + mESCS,Mathematics,7600193,-3.16757565163366,15.0523425543922
Type + mESCS,Mathematics,7600194,-16.8325424406014,12.2271538341262
Type + mESCS,Mathematics,7600195,23.4576044730215,7.74342337809041
Type + mESCS,Mathematics,7600196,21.7585976377657,12.0117302000479
Type + mESCS,Mathematics,7600197,-31.8515767490677,12.6535069757692
Type + mESCS,Mathematics,7600198,2.83582067841308,11.0079563027924
Type + mESCS,Mathematics,7600200,-42.3447128427102,11.7615396824773
Type + mESCS,Mathematics,7600201,7.47330226903243,15.3039532759929
Type + mESCS,Mathematics,7600202,-12.8705919678448,14.0396417135688
Type + mESCS,Mathematics,7600203,23.4782629233108,23.0766287075294
Type + mESCS,Mathematics,7600204,-10.9931913001906,10.6144048997579
Type + mESCS,Mathematics,7600205,-11.3700548917854,13.6888684799173
Type + mESCS,Mathematics,7600206,-47.8221234656788,13.2705069404341
Type + mESCS,Mathematics,7600207,4.58658851907182,16.1534324703555
Type + mESCS,Mathematics,7600208,-27.1251396459921,13.2231223641807
Type + mESCS,Mathematics,7600209,-0.363002298427986,17.0708664303252
Type + mESCS,Mathematics,7600212,-5.70823919296712,22.3114697598986
Type + mESCS,Mathematics,7600213,-35.1859099254925,7.88708603869475
Type + mESCS,Mathematics,7600214,7.32258501563261,10.5297030927467
Type + mESCS,Mathematics,7600215,28.8883654564111,13.1176606130197
Type + mESCS,Mathematics,7600217,-11.5799634638802,9.94023471753363
Type + mESCS,Mathematics,7600218,-1.77230290847993,14.435322273845
Type + mESCS,Mathematics,7600219,17.3346346574433,9.85496291237957
Type + mESCS,Mathematics,7600220,-13.0515818307005,18.3299296887816
Type + mESCS,Mathematics,7600222,30.7686822785305,10.3989844244658
Type + mESCS,Mathematics,7600223,-38.9886891417794,10.4175166265352
Type + mESCS,Mathematics,7600224,-2.85776177879422,16.846892347415
Type + mESCS,Mathematics,7600225,-15.3690219738317,13.274499811709
Type + mESCS,Mathematics,7600227,-11.2620314224587,10.0273503587444
Type + mESCS,Mathematics,7600228,-7.23785601499138,19.8646620998205
Type + mESCS,Mathematics,7600229,17.2336806541157,14.7170735804168
Type + mESCS,Mathematics,7600230,3.85392957730904,10.2198585104437
Type + mESCS,Mathematics,7600231,3.9641053770978,10.6538357668779
Type + mESCS,Mathematics,7600232,-20.0712685236681,14.8464360208378
Type + mESCS,Mathematics,7600233,17.5527341803444,8.8866103459627
Type + mESCS,Mathematics,7600234,3.24074486592659,13.3569977951117
Type + mESCS,Mathematics,7600235,10.3553351454435,21.2882261832652
Type + mESCS,Mathematics,7600236,-23.4585605001877,14.0363951224309
Type + mESCS,Mathematics,7600237,-23.3853969700157,11.9951573988729
Type + mESCS,Mathematics,7600238,-21.0177873870043,18.1975991825434
Type + mESCS,Mathematics,7600239,-1.20137416343927,11.0658559043784
Type + mESCS,Mathematics,7600241,-1.79903112550643,19.0191705133612
Type + mESCS,Mathematics,7600242,-28.3386040571285,11.4110435923528
Type + mESCS,Mathematics,7600243,0.818500075198161,13.8812805135644
Type + mESCS,Mathematics,7600244,-10.0725360757192,15.9202636426722
Type + mESCS,Mathematics,7600245,11.1751184890687,16.3543276250953
Type + mESCS,Mathematics,7600246,-10.6047007058344,15.3929904872584
Type + mESCS,Mathematics,7600247,64.3490415874178,11.99970650198
Type + mESCS,Mathematics,7600249,10.5746890042955,23.5017779360521
Type + mESCS,Mathematics,7600250,-7.38446319459309,12.225517996475
Type + mESCS,Mathematics,7600251,15.730957190043,15.7299639559102
Type + mESCS,Mathematics,7600252,-18.4107856774604,21.6674112916817
Type + mESCS,Mathematics,7600253,7.42703286668377,8.07530160822482
Type + mESCS,Mathematics,7600254,25.6019835469916,12.0383133959181
Type + mESCS,Mathematics,7600255,4.08756720700275,11.2417610239984
Type + mESCS,Mathematics,7600256,14.9283301317527,23.9660424096061
Type + mESCS,Mathematics,7600259,-3.84059109225424,18.9219556427143
Type + mESCS,Mathematics,7600260,-6.62695652777536,12.6861435352066
Type + mESCS,Mathematics,7600261,-36.2633148039008,14.5417233673326
Type + mESCS,Mathematics,7600262,8.65049993837268,16.5809319402306
Type + mESCS,Mathematics,7600263,-7.39032727598466,8.20079155623105
Type + mESCS,Mathematics,7600264,-20.382309276563,18.0395928459697
Type + mESCS,Mathematics,7600268,-2.27747524765972,13.1563949533294
Type + mESCS,Mathematics,7600269,0.380600996711109,9.72313030595035
Type + mESCS,Mathematics,7600270,6.79827924825382,12.5328605922989
Type + mESCS,Mathematics,7600271,-0.661039901811449,16.4613731514772
Type + mESCS,Mathematics,7600273,-30.9523836645098,13.1520149121349
Type + mESCS,Mathematics,7600274,-28.2303175086219,11.1087488644545
Type + mESCS,Mathematics,7600275,14.4495729548659,20.601446141973
Type + mESCS,Mathematics,7600276,17.3990472164763,7.58807920354715
Type + mESCS,Mathematics,7600277,8.64369177987219,13.1485530570891
Type + mESCS,Mathematics,7600278,18.0065557019424,17.2274612282932
Type + mESCS,Mathematics,7600279,-2.53322432423624,15.724422433631
Type + mESCS,Mathematics,7600280,4.1542838102551,11.3680649274187
Type + mESCS,Mathematics,7600281,-3.478515602725,10.6154818597654
Type + mESCS,Mathematics,7600282,2.65651313347484,9.58857551959337
Type + mESCS,Mathematics,7600283,8.05892365429359,11.5187058310301
Type + mESCS,Mathematics,7600284,-19.0204789972683,12.3359316891278
Type + mESCS,Mathematics,7600285,32.1005892096661,15.8138678205221
Type + mESCS,Mathematics,7600286,-13.7428068633234,12.2898283573667
Type + mESCS,Mathematics,7600287,11.5222898127891,15.2711704885198
Type + mESCS,Mathematics,7600288,-7.30153166944414,17.0418403641542
Type + mESCS,Mathematics,7600289,-11.3909835795767,19.785983176834
Type + mESCS,Mathematics,7600290,7.58691861899304,13.2576876507726
Type + mESCS,Mathematics,7600291,35.9986348533384,11.2665030610437
Type + mESCS,Mathematics,7600293,-11.069769119399,15.2464412723482
Type + mESCS,Mathematics,7600294,46.3936613358966,13.5462457369728
Type + mESCS,Mathematics,7600295,0.864540685438986,12.9008643281436
Type + mESCS,Mathematics,7600296,0.142463491440972,14.5448485002152
Type + mESCS,Mathematics,7600297,9.74922984656698,13.2023812205116
Type + mESCS,Mathematics,7600298,-5.63095707405068,13.4603710741618
Type + mESCS,Mathematics,7600299,4.24443467437911,15.4829144955306
Type + mESCS,Mathematics,7600300,-15.0142133615688,13.0266542901985
Type + mESCS,Mathematics,7600302,-3.39476210401013,15.4169748907532
Type + mESCS,Mathematics,7600304,38.3824815229319,14.8107540828928
Type + mESCS,Mathematics,7600305,1.65161033382292,16.8431682947555
Type + mESCS,Mathematics,7600307,25.2365172162483,11.7283822310309
Type + mESCS,Mathematics,7600308,-16.4730262497237,11.9108473088534
Type + mESCS,Mathematics,7600309,-8.88162947544649,14.8570088815609
Type + mESCS,Mathematics,7600310,-31.786383441826,14.7191296818544
Type + mESCS,Mathematics,7600312,-27.5438179957727,12.2555426730874
Type + mESCS,Mathematics,7600313,-5.78014197830285,19.356758217112
Type + mESCS,Mathematics,7600316,-12.1962222365884,20.6897030716825
Type + mESCS,Mathematics,7600317,-30.5387955943516,13.8462880895721
Type + mESCS,Mathematics,7600318,52.7138359724883,15.0630326212091
Type + mESCS,Mathematics,7600319,-1.22942466724019,14.7458771293626
Type + mESCS,Mathematics,7600320,31.5018037824099,11.506557380262
Type + mESCS,Mathematics,7600322,-5.42916265259131,15.4626879243302
Type + mESCS,Mathematics,7600323,-2.41666402770468,11.5033610088551
Type + mESCS,Mathematics,7600324,2.76968303726683,12.225203387502
Type + mESCS,Mathematics,7600325,13.8016727101138,11.1114663868199
Type + mESCS,Mathematics,7600326,2.02930940528632,11.4286140436752
Type + mESCS,Mathematics,7600327,16.0090810434818,15.237618666851
Type + mESCS,Mathematics,7600328,-22.362601454231,18.951938110314
Type + mESCS,Mathematics,7600329,56.5355779954703,13.0177528577657
Type + mESCS,Mathematics,7600330,-3.88108032569165,14.0803356822211
Type + mESCS,Mathematics,7600332,13.4576517479541,22.7186966618048
Type + mESCS,Mathematics,7600333,17.5481522563245,15.2072859592825
Type + mESCS,Mathematics,7600334,6.80974655320156,15.9467972949125
Type + mESCS,Mathematics,7600335,-10.9362957868878,11.7440083587548
Type + mESCS,Mathematics,7600336,-42.1460044090187,16.0201771455581
Type + mESCS,Mathematics,7600337,-4.21698776443851,11.2523054369468
Type + mESCS,Mathematics,7600338,-7.25669689721977,13.6026964135206
Type + mESCS,Mathematics,7600339,-6.86770156397385,14.3131130799077
Type + mESCS,Mathematics,7600341,-3.47427848829352,11.2551402210575
Type + mESCS,Mathematics,7600342,-53.1849426158381,16.8147538086258
Type + mESCS,Mathematics,7600343,39.1313660939321,11.670876917266
Type + mESCS,Mathematics,7600344,22.2367653978156,22.7771049463699
Type + mESCS,Mathematics,7600345,10.5025970558288,16.4832877670921
Type + mESCS,Mathematics,7600347,24.397807282736,15.8086917173849
Type + mESCS,Mathematics,7600348,-23.4831394896435,12.1816336028084
Type + mESCS,Mathematics,7600349,-2.22143009827981,15.1030257543338
Type + mESCS,Mathematics,7600351,-28.3828623947033,22.2234270959777
Type + mESCS,Mathematics,7600352,29.5058776705875,13.3339447262929
Type + mESCS,Mathematics,7600353,-26.6952325700713,11.1615238132773
Type + mESCS,Mathematics,7600354,-18.4767599975612,12.5830519825741
Type + mESCS,Mathematics,7600357,0.165495072131609,16.034389587721
Type + mESCS,Mathematics,7600358,5.52729286900913,19.4946149448628
Type + mESCS,Mathematics,7600359,-3.54755345891413,14.3223259965516
Type + mESCS,Mathematics,7600360,4.49775988755791,11.2294195323228
Type + mESCS,Mathematics,7600361,28.0295509617929,13.3049424675703
Type + mESCS,Mathematics,7600362,-5.121369673059,15.111565806252
Type + mESCS,Mathematics,7600363,-2.30291972307076,11.8282037198893
Type + mESCS,Mathematics,7600364,12.3141247152048,17.2468459167359
Type + mESCS,Mathematics,7600365,9.06197268508231,12.3273266692616
Type + mESCS,Mathematics,7600366,-16.3036129560962,12.9110999938565
Type + mESCS,Mathematics,7600367,-9.33712816060344,11.5663731632809
Type + mESCS,Mathematics,7600368,-16.5152811245849,18.8481494168403
Type + mESCS,Mathematics,7600369,-18.5526237486173,12.7150540019525
Type + mESCS,Mathematics,7600370,-16.7457215238036,19.365637324982
Type + mESCS,Mathematics,7600372,11.2866515230083,18.3192683121139
Type + mESCS,Mathematics,7600373,-7.10006124165884,11.3303130458162
Type + mESCS,Mathematics,7600374,18.3749791640978,11.7354676369072
Type + mESCS,Mathematics,7600375,8.91642689525032,17.9273879943194
Type + mESCS,Mathematics,7600376,-5.16324675060713,12.7041528767938
Type + mESCS,Mathematics,7600377,56.1231694467582,17.1140955488456
Type + mESCS,Mathematics,7600378,1.17571363678911,13.8695514097776
Type + mESCS,Mathematics,7600379,-22.6378010435886,12.7779430984626
Type + mESCS,Mathematics,7600380,10.8604030429969,13.4551510695237
Type + mESCS,Mathematics,7600382,-10.9537789598825,13.2600217359855
Type + mESCS,Mathematics,7600383,-19.1561180946857,13.9691711646115
Type + mESCS,Mathematics,7600384,-1.28096527013701,11.5499919013316
Type + mESCS,Mathematics,7600385,18.6795366878365,14.1915794764383
Type + mESCS,Mathematics,7600386,6.75194677961396,10.7109616551233
Type + mESCS,Mathematics,7600388,78.2549543799217,10.724861839449
Type + mESCS,Mathematics,7600389,-0.388834547828724,13.5806095931076
Type + mESCS,Mathematics,7600391,4.20790208014862,12.7124909942756
Type + mESCS,Mathematics,7600394,0.0338514640519089,20.9238961487057
Type + mESCS,Mathematics,7600395,2.33351571184387,11.9008502545172
Type + mESCS,Mathematics,7600396,33.3239645035158,13.6201662227698
Type + mESCS,Mathematics,7600397,-13.4944804835113,11.3963051723184
Type + mESCS,Mathematics,7600398,-4.74346095796867,12.9617331925982
Type + mESCS,Mathematics,7600399,29.9707322516063,11.8651253999561
Type + mESCS,Mathematics,7600400,-25.7528831464247,11.947768952105
Type + mESCS,Mathematics,7600402,-8.43307049675723,14.2904878781452
Type + mESCS,Mathematics,7600403,-27.3477255203495,11.7912195282669
Type + mESCS,Mathematics,7600404,-23.9229040263589,11.591567087551
Type + mESCS,Mathematics,7600405,-1.20403338681467,13.2748612398654
Type + mESCS,Mathematics,7600406,-9.51459654268439,11.8467579951063
Type + mESCS,Mathematics,7600407,18.7968530702507,16.6249858350101
Type + mESCS,Mathematics,7600408,-11.8746695239375,9.00174860130609
Type + mESCS,Mathematics,7600410,7.55696762559128,17.2404739244519
Type + mESCS,Mathematics,7600411,10.3586418549717,15.5569249135761
Type + mESCS,Mathematics,7600412,10.5907864790667,19.2709478397283
Type + mESCS,Mathematics,7600413,23.7673256811825,9.53283123079848
Type + mESCS,Mathematics,7600415,-1.99490110702591,17.4785008678297
Type + mESCS,Mathematics,7600417,-20.3624600132742,12.379008852814
Type + mESCS,Mathematics,7600418,-0.26278014281349,19.0517555454453
Type + mESCS,Mathematics,7600419,-11.8127511606808,15.025136026939
Type + mESCS,Mathematics,7600420,10.2589879150965,13.4658131416058
Type + mESCS,Mathematics,7600422,13.048536651642,12.4906425528139
Type + mESCS,Mathematics,7600425,-10.0900035453899,15.2915855054682
Type + mESCS,Mathematics,7600426,-9.86050026539839,14.5719953568415
Type + mESCS,Mathematics,7600427,10.0778324689788,11.4038255649163
Type + mESCS,Mathematics,7600428,48.6549884122804,13.1199923215148
Type + mESCS,Mathematics,7600429,2.89976980024992,14.7204374267222
Type + mESCS,Mathematics,7600430,20.133870682632,12.2258822720538
Type + mESCS,Mathematics,7600431,12.5380277720273,17.5666547632659
Type + mESCS,Mathematics,7600432,-19.2914027864498,13.7973331024931
Type + mESCS,Mathematics,7600433,20.3973339109063,17.5342311536298
Type + mESCS,Mathematics,7600434,-5.83857406448111,11.5748197187899
Type + mESCS,Mathematics,7600436,-29.420130485721,11.7094159275833
Type + mESCS,Mathematics,7600438,26.1444739347446,22.7408374028749
Type + mESCS,Mathematics,7600439,-24.0468854176068,11.0215347606175
Type + mESCS,Mathematics,7600440,10.1398615232179,17.6642742136219
Type + mESCS,Mathematics,7600442,-12.3569393335362,19.8127806308043
Type + mESCS,Mathematics,7600443,31.425663893204,8.61116557388388
Type + mESCS,Mathematics,7600444,-19.3014025457602,11.8615438454843
Type + mESCS,Mathematics,7600445,-11.3578109389313,13.0659069743583
Type + mESCS,Mathematics,7600446,-16.106218802165,13.6051032751228
Type + mESCS,Mathematics,7600447,-23.4241981028505,14.4383169193065
Type + mESCS,Mathematics,7600448,7.51348387350308,11.265902975387
Type + mESCS,Mathematics,7600449,20.9374583954298,15.0891888423988
Type + mESCS,Mathematics,7600450,-12.5633504832008,13.1779181975717
Type + mESCS,Mathematics,7600451,-17.6901031240226,12.4986716488217
Type + mESCS,Mathematics,7600454,-16.0484998708897,12.9219702333366
Type + mESCS,Mathematics,7600456,-39.5816339816961,11.5989890330238
Type + mESCS,Mathematics,7600457,4.36083338429821,18.4055254416602
Type + mESCS,Mathematics,7600458,-14.1589060711309,16.1012612488996
Type + mESCS,Mathematics,7600459,-15.4655512195149,15.6051445793313
Type + mESCS,Mathematics,7600460,24.6246538290661,14.3248295454816
Type + mESCS,Mathematics,7600461,-16.0488488960286,11.8381953189806
Type + mESCS,Mathematics,7600462,15.3924962754635,16.4531539834368
Type + mESCS,Mathematics,7600463,-2.17616128839893,12.510666733009
Type + mESCS,Mathematics,7600468,-27.3041913118878,10.9316356206281
Type + mESCS,Mathematics,7600470,13.7999122958342,17.4734941799498
Type + mESCS,Mathematics,7600471,3.39869368309074,11.5622013706768
Type + mESCS,Mathematics,7600474,-19.2150570094989,15.745020415053
Type + mESCS,Mathematics,7600475,-7.17480503982001,14.2527081831716
Type + mESCS,Mathematics,7600476,-1.89321953478126,22.9340436680146
Type + mESCS,Mathematics,7600477,13.0832410734856,14.6327234195216
Type + mESCS,Mathematics,7600478,25.7714348694897,19.1558727425857
Type + mESCS,Mathematics,7600480,33.9000833913877,13.6517752930954
Type + mESCS,Mathematics,7600481,-7.15420694756753,16.210469214219
Type + mESCS,Mathematics,7600483,7.59639366769792,10.954137434025
Type + mESCS,Mathematics,7600485,-18.4160316752942,12.9952307498089
Type + mESCS,Mathematics,7600488,56.0351450505882,12.799550067916
Type + mESCS,Mathematics,7600489,30.343923285305,16.6436908094251
Type + mESCS,Mathematics,7600490,-40.7774496010446,16.6587207436839
Type + mESCS,Mathematics,7600492,13.7834625507219,17.2677046425157
Type + mESCS,Mathematics,7600493,-22.5667411594447,10.2395280920965
Type + mESCS,Mathematics,7600497,79.9738182765348,13.3460187164086
Type + mESCS,Mathematics,7600498,-2.71104183671671,12.9462925586022
Type + mESCS,Mathematics,7600499,18.4241535444457,12.0946179347117
Type + mESCS,Mathematics,7600500,31.8277261687225,14.1424215370355
Type + mESCS,Mathematics,7600501,15.8712232153953,12.2780900072831
Type + mESCS,Mathematics,7600502,-9.53687644610982,13.0499023215784
Type + mESCS,Mathematics,7600503,1.57324362199692,19.9351942151065
Type + mESCS,Mathematics,7600504,-17.1155227322949,15.6336478473346
Type + mESCS,Mathematics,7600505,24.4514532721618,10.8902160466963
Type + mESCS,Mathematics,7600506,61.6868805464729,11.8170709913896
Type + mESCS,Mathematics,7600507,-14.4030634927866,16.2274563523925
Type + mESCS,Mathematics,7600508,-23.4361931903472,10.9924691961949
Type + mESCS,Mathematics,7600509,44.2525082308374,14.7096450867327
Type + mESCS,Mathematics,7600512,7.19490941909341,17.3225079015367
Type + mESCS,Mathematics,7600514,-54.7297038344953,11.8388836688047
Type + mESCS,Mathematics,7600515,-42.9464596603227,13.5313839451334
Type + mESCS,Mathematics,7600516,-8.1347597342107,13.5351165134769
Type + mESCS,Mathematics,7600517,-17.7827677088919,10.8777677257648
Type + mESCS,Mathematics,7600520,-31.2052080579182,11.9942394648615
Type + mESCS,Mathematics,7600521,-21.8795654286299,15.3873944516179
Type + mESCS,Mathematics,7600522,-1.39688922588441,22.3737632097116
Type + mESCS,Mathematics,7600523,3.42855986501809,15.4819618397878
Type + mESCS,Mathematics,7600524,-7.8738520098482,15.8892960716849
Type + mESCS,Mathematics,7600526,72.383152261842,12.2839049638815
Type + mESCS,Mathematics,7600527,8.89328559705206,13.134219279212
Type + mESCS,Mathematics,7600529,21.4374868659329,13.6993618200649
Type + mESCS,Mathematics,7600530,-27.2582630163948,12.5550454227439
Type + mESCS,Mathematics,7600531,36.4815026504351,9.62312700099147
Type + mESCS,Mathematics,7600532,-13.3551769679569,17.4166518181882
Type + mESCS,Mathematics,7600533,7.07458890660901,10.8738156116458
Type + mESCS,Mathematics,7600535,-21.852044603179,21.9334998341451
Type + mESCS,Mathematics,7600537,-18.6975124658839,14.321588446548
Type + mESCS,Mathematics,7600539,-19.258413216092,18.215814691151
Type + mESCS,Mathematics,7600540,-30.5866982258658,10.9816635576372
Type + mESCS,Mathematics,7600541,47.0944571971173,11.2500038668569
Type + mESCS,Mathematics,7600542,14.8933902758915,10.8925157363083
Type + mESCS,Mathematics,7600543,47.1108009545016,13.1742658299139
Type + mESCS,Mathematics,7600544,15.0048956430028,20.9882420053905
Type + mESCS,Mathematics,7600546,-30.6758228586077,11.0274881794973
Type + mESCS,Mathematics,7600547,31.4568575653277,10.1183263616927
Type + mESCS,Mathematics,7600548,-20.1685155514681,15.6633315946377
Type + mESCS,Mathematics,7600549,6.66481423402167,17.2089573203747
Type + mESCS,Mathematics,7600550,-7.72158489123506,13.0177396498378
Type + mESCS,Mathematics,7600551,49.231797716227,8.14527807092448
Type + mESCS,Mathematics,7600552,-14.5076045667031,21.9897813098986
Type + mESCS,Mathematics,7600553,5.70453357619513,14.0747234687311
Type + mESCS,Mathematics,7600554,-21.6749095054674,19.7037696585939
Type + mESCS,Mathematics,7600555,1.01558116285909,11.1571606101764
Type + mESCS,Mathematics,7600556,-17.8028961800175,13.444286346064
Type + mESCS,Mathematics,7600557,-29.1991408860819,13.5918007109901
Type + mESCS,Mathematics,7600558,-7.20395442298391,16.1501343180755
Type + mESCS,Mathematics,7600560,-55.7802129624577,8.345347066298
Type + mESCS,Mathematics,7600561,17.9824448909951,22.7981579024962
Type + mESCS,Mathematics,7600563,35.260654775904,12.7802612111309
Type + mESCS,Mathematics,7600565,-13.224850456123,17.5137248042565
Type + mESCS,Mathematics,7600566,-35.0488238515844,15.8044966814549
Type + mESCS,Mathematics,7600567,-36.3181442286587,15.212170640512
Type + mESCS,Mathematics,7600568,-1.8030426423383,10.3308901563223
Type + mESCS,Mathematics,7600570,-42.4863847181344,13.4526442144179
Type + mESCS,Mathematics,7600571,0.430670953719194,15.2104080321405
Type + mESCS,Mathematics,7600573,-27.349659519256,14.0107861730201
Type + mESCS,Mathematics,7600574,-31.7537071857892,11.8142949056068
Type + mESCS,Mathematics,7600575,26.6463914047798,10.1937267831589
Type + mESCS,Mathematics,7600577,-21.7902313116555,15.7962751529414
Type + mESCS,Mathematics,7600578,-2.74558891251558,13.1306873994367
Type + mESCS,Mathematics,7600579,-22.7036053829196,12.7387228785546
Type + mESCS,Mathematics,7600580,3.8832851753242,23.1146378593185
Type + mESCS,Mathematics,7600581,-20.2224597525642,12.7348489513549
Type + mESCS,Mathematics,7600582,-51.0351025969455,12.2557817616071
Type + mESCS,Mathematics,7600583,38.4655301132544,9.42192536420891
Type + mESCS,Mathematics,7600584,31.1129582832281,11.7506343885494
Type + mESCS,Mathematics,7600586,4.49802371450375,12.3974317186984
Type + mESCS,Mathematics,7600587,19.8946353433488,13.8317021032853
Type + mESCS,Mathematics,7600589,-26.8967571899856,10.3725039665999
Type + mESCS,Mathematics,7600590,11.7325847894694,10.0628230429787
Type + mESCS,Mathematics,7600591,9.71495107111359,21.5607038572513
Type + mESCS,Mathematics,7600593,-11.7820993891734,16.3264658271423
Type + mESCS,Mathematics,7600594,10.5248373514208,11.0194140918932
Type + mESCS,Mathematics,7600595,-21.652048870249,10.8447534401354
Type + mESCS,Mathematics,7600596,-8.20361202940392,13.6450377627889
Type + mESCS,Mathematics,7600597,15.9935373961419,19.1976742577662
Type + mESCS,Mathematics,7600598,50.2982274727743,10.4656058049218
Type + mESCS,Mathematics,7600600,-9.75045396027626,17.7270151872836
Type + mESCS,Mathematics,7600601,12.9551878312144,10.581614675547
Type + mESCS,Mathematics,7600602,-9.00171457831319,14.6141479423358
Type + mESCS,Mathematics,7600603,20.6875731472058,15.8958605080338
Type + mESCS,Mathematics,7600604,6.44091764239338,20.1523520677991
Type + mESCS,Mathematics,7600605,12.1135817441896,9.90600270927095
Type + mESCS,Mathematics,7600608,0.0830507452778731,12.1860718658449
Type + mESCS,Mathematics,7600609,12.8799881208976,19.0966358711201
Type + mESCS,Mathematics,7600610,-41.4836043632555,15.6614487927038
Type + mESCS,Mathematics,7600611,5.35133662192843,13.6058178267321
Type + mESCS,Mathematics,7600612,-25.446169133323,14.1394082119099
Type + mESCS,Mathematics,7600613,24.8596030483776,17.9573219662736
Type + mESCS,Mathematics,7600615,15.4633021594787,13.7109357275339
Type + mESCS,Mathematics,7600616,10.5225951028804,10.2766085564561
Type + mESCS,Mathematics,7600617,-4.77892396011977,11.1772846450568
Type + mESCS,Mathematics,7600618,3.79506890281997,19.4888634812748
Type + mESCS,Mathematics,7600619,-37.3812080448493,16.7163657655034
Type + mESCS,Mathematics,7600620,0.360675426918228,11.9603496979543
Type + mESCS,Mathematics,7600621,0.147648326689469,11.2945303489584
Type + mESCS,Mathematics,7600622,-3.90843597054766,15.0501296099175
Type + mESCS,Mathematics,7600624,8.13939562960368,11.6685925941054
Type + mESCS,Mathematics,7600625,-2.18183407338055,12.9987519507534
Type + mESCS,Sciences,7600001,-6.8987920221652,10.880679536323
Type + mESCS,Sciences,7600002,17.5984431178802,11.4966052754859
Type + mESCS,Sciences,7600005,30.5490124570206,13.4509134869171
Type + mESCS,Sciences,7600006,13.6017206712833,12.5760922958863
Type + mESCS,Sciences,7600007,-2.64529885413399,17.4363733539333
Type + mESCS,Sciences,7600009,-12.8504458557123,12.8250813443925
Type + mESCS,Sciences,7600010,1.51513617672394,20.3582763524911
Type + mESCS,Sciences,7600011,-18.8426189657464,9.14498542656295
Type + mESCS,Sciences,7600012,-12.2757906084259,19.843270676974
Type + mESCS,Sciences,7600013,-20.330986812677,17.8291327282006
Type + mESCS,Sciences,7600014,-7.44221712954831,19.9337680987054
Type + mESCS,Sciences,7600015,7.88068910586096,13.6651286908382
Type + mESCS,Sciences,7600016,21.1223342757596,15.660918996302
Type + mESCS,Sciences,7600017,9.50261426878935,15.5819555611016
Type + mESCS,Sciences,7600018,38.5081487066016,18.9523356617573
Type + mESCS,Sciences,7600019,12.1466947808553,10.9485795509186
Type + mESCS,Sciences,7600022,15.0414415702339,10.3859852890848
Type + mESCS,Sciences,7600023,-5.79457252170372,17.7505354573175
Type + mESCS,Sciences,7600024,17.647811449061,22.8597532022045
Type + mESCS,Sciences,7600025,18.1988368303428,12.8249108994652
Type + mESCS,Sciences,7600026,-51.6298609684064,11.4695976845397
Type + mESCS,Sciences,7600027,-26.7800549516447,12.0479384015668
Type + mESCS,Sciences,7600028,-14.399143215347,18.0784397002202
Type + mESCS,Sciences,7600029,20.1198794051452,13.0654110746439
Type + mESCS,Sciences,7600031,24.966350544944,15.2165288438694
Type + mESCS,Sciences,7600033,-16.5972503686824,13.2454175496318
Type + mESCS,Sciences,7600034,13.0193088498616,14.5418398883069
Type + mESCS,Sciences,7600035,18.9533557434895,12.2603396276689
Type + mESCS,Sciences,7600036,-2.81169647994193,9.95120526194044
Type + mESCS,Sciences,7600037,5.97427549423626,20.2252887297489
Type + mESCS,Sciences,7600038,0.283914883955989,15.9398403247321
Type + mESCS,Sciences,7600039,24.9096257454213,16.8976744349679
Type + mESCS,Sciences,7600041,-32.97139696238,12.0327717705839
Type + mESCS,Sciences,7600042,-35.1381824966251,14.9920673320118
Type + mESCS,Sciences,7600043,-3.21989215763967,11.9914792601343
Type + mESCS,Sciences,7600044,-17.3902513946126,13.0991260037355
Type + mESCS,Sciences,7600045,21.4265305098281,16.0760343590723
Type + mESCS,Sciences,7600046,-7.65554013670762,13.7262439143197
Type + mESCS,Sciences,7600047,-24.3523481118515,13.6248655788457
Type + mESCS,Sciences,7600048,20.532485856267,12.7008239527583
Type + mESCS,Sciences,7600050,-24.4812353730888,17.7649410962792
Type + mESCS,Sciences,7600051,8.41488813928374,13.591807270105
Type + mESCS,Sciences,7600052,-11.7068268739978,21.3065800256604
Type + mESCS,Sciences,7600053,-1.21918463839981,16.7758776680157
Type + mESCS,Sciences,7600054,-26.3397070376275,15.6765290443708
Type + mESCS,Sciences,7600055,-8.09470732542965,14.4605274634195
Type + mESCS,Sciences,7600057,8.79752657525692,15.7194783140744
Type + mESCS,Sciences,7600058,-6.26865793026132,11.8664697295025
Type + mESCS,Sciences,7600060,16.5774514904495,10.4631408768365
Type + mESCS,Sciences,7600061,18.7189413484335,13.1518067560947
Type + mESCS,Sciences,7600062,4.47930668893862,20.2326080275011
Type + mESCS,Sciences,7600063,53.3808222139143,11.8792497934606
Type + mESCS,Sciences,7600064,11.1038078284743,12.8796496425704
Type + mESCS,Sciences,7600065,-45.112625624831,13.6120991358825
Type + mESCS,Sciences,7600066,-1.38683578563031,11.827481902746
Type + mESCS,Sciences,7600067,2.49557014718916,15.6048690241242
Type + mESCS,Sciences,7600068,3.88205237098797,12.7665882267302
Type + mESCS,Sciences,7600069,-17.7968010028673,17.2883763083457
Type + mESCS,Sciences,7600070,-28.732071982214,13.0814323513067
Type + mESCS,Sciences,7600071,7.11840504232763,21.5721138229518
Type + mESCS,Sciences,7600072,10.1923264151847,14.1641241724647
Type + mESCS,Sciences,7600073,-2.16175196061206,18.2008234563494
Type + mESCS,Sciences,7600074,2.71437823349026,14.7589540020285
Type + mESCS,Sciences,7600075,23.2377605759773,10.8951193684014
Type + mESCS,Sciences,7600076,-45.5806795351112,13.7907334328131
Type + mESCS,Sciences,7600077,-7.10025600610084,18.1919752400779
Type + mESCS,Sciences,7600078,42.4218981671403,11.7641588986166
Type + mESCS,Sciences,7600080,-18.4901832080767,19.8320405118175
Type + mESCS,Sciences,7600081,-20.7292924440852,16.5350859774235
Type + mESCS,Sciences,7600082,37.6661946638537,19.0554352120907
Type + mESCS,Sciences,7600083,14.5996542461731,10.6624472074404
Type + mESCS,Sciences,7600084,-22.2178683212818,14.2232554613186
Type + mESCS,Sciences,7600085,5.17254408337813,11.8618189490265
Type + mESCS,Sciences,7600086,-5.89921184196888,13.878568651806
Type + mESCS,Sciences,7600087,14.5070640734229,12.8661396487373
Type + mESCS,Sciences,7600088,-0.0493562307307079,11.5992819477884
Type + mESCS,Sciences,7600089,5.37913915374294,12.3525439494502
Type + mESCS,Sciences,7600092,-27.3593887706026,11.8678928900991
Type + mESCS,Sciences,7600093,1.60104908142036,14.0749120188576
Type + mESCS,Sciences,7600094,20.1311390190891,9.3871208297893
Type + mESCS,Sciences,7600095,40.9969511597746,17.4908243023836
Type + mESCS,Sciences,7600097,1.15711734420615,14.6093383651668
Type + mESCS,Sciences,7600098,-5.45081871298757,11.4066542183114
Type + mESCS,Sciences,7600099,2.40133848786256,13.9545491670351
Type + mESCS,Sciences,7600100,-25.0400934471469,12.7184255339258
Type + mESCS,Sciences,7600101,15.5132111158328,12.9366767766185
Type + mESCS,Sciences,7600102,20.7466734028359,21.3060641077965
Type + mESCS,Sciences,7600103,-12.1486970325489,11.7478891577071
Type + mESCS,Sciences,7600105,-14.2887810044753,15.0856996768528
Type + mESCS,Sciences,7600106,-18.8458848731679,12.8585962259364
Type + mESCS,Sciences,7600107,-2.78230697683002,13.2352579183396
Type + mESCS,Sciences,7600108,23.1172502182295,12.117358619263
Type + mESCS,Sciences,7600109,-4.45942470259578,12.5469398842035
Type + mESCS,Sciences,7600110,-3.44805540097908,13.3795559799807
Type + mESCS,Sciences,7600111,-6.18139354121905,17.1456129009155
Type + mESCS,Sciences,7600113,28.169082772288,12.4154106928125
Type + mESCS,Sciences,7600114,25.1209424067348,16.0111410417246
Type + mESCS,Sciences,7600115,-2.46414459216374,18.505034207491
Type + mESCS,Sciences,7600116,0.598081000422567,13.4461139479234
Type + mESCS,Sciences,7600117,9.4200657380288,11.8972810190768
Type + mESCS,Sciences,7600119,-17.6891530992365,11.8076945601204
Type + mESCS,Sciences,7600121,-27.0969842286288,11.6323359295323
Type + mESCS,Sciences,7600122,-2.73124816959271,19.5029303520507
Type + mESCS,Sciences,7600123,29.075590966976,13.1040520547024
Type + mESCS,Sciences,7600124,9.0120165538412,11.4372450403783
Type + mESCS,Sciences,7600125,27.9261965257843,20.6276589320201
Type + mESCS,Sciences,7600127,-60.7483319467978,14.1653757897639
Type + mESCS,Sciences,7600128,-2.614188524652,15.9549524881856
Type + mESCS,Sciences,7600129,-30.4491318950987,15.8364212182044
Type + mESCS,Sciences,7600130,20.0388411807829,11.1791359047558
Type + mESCS,Sciences,7600131,-4.48064862603207,9.93338100947098
Type + mESCS,Sciences,7600132,3.48935131792866,15.6794545869743
Type + mESCS,Sciences,7600133,-31.3606385165982,13.345387047055
Type + mESCS,Sciences,7600136,23.5178898991171,12.8254362106885
Type + mESCS,Sciences,7600137,-0.530142848686165,17.6596344514133
Type + mESCS,Sciences,7600138,-36.6541352502997,12.5359754560938
Type + mESCS,Sciences,7600139,34.2964311754387,14.1536020606432
Type + mESCS,Sciences,7600140,-0.637738274876931,10.9044839223686
Type + mESCS,Sciences,7600143,-8.01150137051022,14.9040058593452
Type + mESCS,Sciences,7600144,3.26723488030674,11.3683517608715
Type + mESCS,Sciences,7600145,6.28527706567853,16.582815043332
Type + mESCS,Sciences,7600147,18.7850598577476,11.8658545761262
Type + mESCS,Sciences,7600148,-3.8340688084433,21.0362059779907
Type + mESCS,Sciences,7600149,40.2514295724959,13.0014199387137
Type + mESCS,Sciences,7600150,2.08473436602082,13.2513003734022
Type + mESCS,Sciences,7600151,-2.61579812281382,15.4087220728244
Type + mESCS,Sciences,7600152,-43.9112539352186,21.8052990913477
Type + mESCS,Sciences,7600153,-13.9741146674741,14.382869278113
Type + mESCS,Sciences,7600155,22.0035925569987,18.109969185627
Type + mESCS,Sciences,7600156,-58.8998862622545,10.6357195927898
Type + mESCS,Sciences,7600158,27.11211521607,12.6664550482294
Type + mESCS,Sciences,7600159,18.2530980473893,10.8985020477624
Type + mESCS,Sciences,7600161,5.77916599880216,13.467877987236
Type + mESCS,Sciences,7600163,-8.97506945708455,11.3356477073763
Type + mESCS,Sciences,7600164,22.323252412506,12.2550954724155
Type + mESCS,Sciences,7600165,8.35736447191159,11.4592189738988
Type + mESCS,Sciences,7600166,-21.4946861961215,15.1332239102178
Type + mESCS,Sciences,7600170,-28.8766130979427,14.3014200348596
Type + mESCS,Sciences,7600172,-18.0157249348563,13.0258883362346
Type + mESCS,Sciences,7600175,-6.90334389864416,18.6971886838266
Type + mESCS,Sciences,7600176,-7.49288268336952,12.1869315196625
Type + mESCS,Sciences,7600178,-24.3288032796436,11.8241867363459
Type + mESCS,Sciences,7600179,-1.61565077466792,11.682352382049
Type + mESCS,Sciences,7600182,-5.39798387987856,15.0822283208361
Type + mESCS,Sciences,7600183,47.9041950420096,14.0075296980358
Type + mESCS,Sciences,7600184,12.3098780525175,15.6718811350275
Type + mESCS,Sciences,7600185,-34.8607579628964,12.4790926605545
Type + mESCS,Sciences,7600186,17.0719431299931,14.1884497957593
Type + mESCS,Sciences,7600187,31.3254131268496,12.8218651176486
Type + mESCS,Sciences,7600188,-5.21724178040528,12.4858908226401
Type + mESCS,Sciences,7600191,-2.1128765190809,18.0471172354828
Type + mESCS,Sciences,7600192,24.80633406844,21.626973258171
Type + mESCS,Sciences,7600193,-9.43643676047823,15.5299615803815
Type + mESCS,Sciences,7600194,-10.671490235739,12.595950576173
Type + mESCS,Sciences,7600195,45.061753791715,7.9628614017957
Type + mESCS,Sciences,7600196,41.6656455889563,12.3727524842228
Type + mESCS,Sciences,7600197,-31.0365586150156,13.0378957732141
Type + mESCS,Sciences,7600198,-9.41522550861806,11.3336307574762
Type + mESCS,Sciences,7600200,-42.8164077864588,12.113618111842
Type + mESCS,Sciences,7600201,10.2739179209278,15.7919341346032
Type + mESCS,Sciences,7600202,-17.633236823993,14.4767110000621
Type + mESCS,Sciences,7600203,32.9644476509649,23.9523698842224
Type + mESCS,Sciences,7600204,-16.3737224042141,10.9265968052197
Type + mESCS,Sciences,7600205,-5.7612142852176,14.1123083172987
Type + mESCS,Sciences,7600206,-59.701281574185,13.6779593828423
Type + mESCS,Sciences,7600207,8.36679461965653,16.6772805546312
Type + mESCS,Sciences,7600208,-35.0663241478348,13.6287820696846
Type + mESCS,Sciences,7600209,-1.01634991098891,17.6350490894046
Type + mESCS,Sciences,7600212,-9.19975804124176,23.142436052245
Type + mESCS,Sciences,7600213,-34.3708937016715,8.11095606280857
Type + mESCS,Sciences,7600214,12.1672002896588,10.8390197310813
Type + mESCS,Sciences,7600215,33.373647532606,13.5193432874442
Type + mESCS,Sciences,7600217,-22.3416767878573,10.2297928094384
Type + mESCS,Sciences,7600218,1.91445443097371,14.8880190723017
Type + mESCS,Sciences,7600219,13.2359593875921,10.1416982679348
Type + mESCS,Sciences,7600220,0.29694523419952,18.9523356617573
Type + mESCS,Sciences,7600222,45.9339617174993,10.7038817948385
Type + mESCS,Sciences,7600223,-29.8615986507386,10.7230391975365
Type + mESCS,Sciences,7600224,-8.8308983943241,17.4010701207239
Type + mESCS,Sciences,7600225,-16.6797883268473,13.682103485361
Type + mESCS,Sciences,7600227,-24.0637821086168,10.3198013390228
Type + mESCS,Sciences,7600228,-8.45923451884831,20.5628498438373
Type + mESCS,Sciences,7600229,5.19272015184469,15.1810657992049
Type + mESCS,Sciences,7600230,16.3411528225956,10.5187352697342
Type + mESCS,Sciences,7600231,-8.61263738758631,10.9673693503979
Type + mESCS,Sciences,7600232,-11.0310264352183,15.3156619454497
Type + mESCS,Sciences,7600233,19.3629728752733,9.14188619987863
Type + mESCS,Sciences,7600234,-11.5392533836205,13.7677318950034
Type + mESCS,Sciences,7600235,13.6237896737694,22.0617897897501
Type + mESCS,Sciences,7600236,-16.5048321205492,14.4733373031839
Type + mESCS,Sciences,7600237,-12.8797162202072,12.3555844184723
Type + mESCS,Sciences,7600238,-8.10120098372141,18.8137234833335
Type + mESCS,Sciences,7600239,1.55660669253263,11.3935313092646
Type + mESCS,Sciences,7600241,-7.97817019671508,19.6749329806557
Type + mESCS,Sciences,7600242,-26.9203822438008,11.7507431257813
Type + mESCS,Sciences,7600243,-25.2521800753004,14.3121708290561
Type + mESCS,Sciences,7600244,-11.2398034141499,16.4341283991377
Type + mESCS,Sciences,7600245,22.4248244562644,16.8868630043741
Type + mESCS,Sciences,7600246,-7.07406591686218,15.8846662742246
Type + mESCS,Sciences,7600247,72.9332152682952,12.3602968769436
Type + mESCS,Sciences,7600249,5.34225267475605,24.4031045436264
Type + mESCS,Sciences,7600250,-12.0795920951789,12.5942554431154
Type + mESCS,Sciences,7600251,18.3210008028016,16.2357591317295
Type + mESCS,Sciences,7600252,-14.3685143304798,22.4619234150218
Type + mESCS,Sciences,7600253,11.3974116117356,8.30500824710716
Type + mESCS,Sciences,7600254,34.3053834613279,12.4002913408452
Type + mESCS,Sciences,7600255,-9.25341761194454,11.5755434073508
Type + mESCS,Sciences,7600256,14.6595922078398,24.8958990246913
Type + mESCS,Sciences,7600259,-9.02426094347614,19.5729475592769
Type + mESCS,Sciences,7600260,-5.91659808157798,13.0717373218896
Type + mESCS,Sciences,7600261,-47.804360735217,14.9986692193916
Type + mESCS,Sciences,7600262,4.72295735423639,17.1233629557383
Type + mESCS,Sciences,7600263,-39.190135461716,8.43440904209858
Type + mESCS,Sciences,7600264,-17.063796473351,18.6482674765949
Type + mESCS,Sciences,7600268,-0.839119761084104,13.559536248944
Type + mESCS,Sciences,7600269,-10.4202443229955,10.0055188285591
Type + mESCS,Sciences,7600270,-13.0399514474865,12.9128091943726
Type + mESCS,Sciences,7600271,-17.7113478215268,16.9985702845821
Type + mESCS,Sciences,7600273,-30.5269231410236,13.5549911476568
Type + mESCS,Sciences,7600274,-8.16513272827633,11.4379095246251
Type + mESCS,Sciences,7600275,12.660740715159,21.3380116599569
Type + mESCS,Sciences,7600276,10.0409238620851,7.80274681473489
Type + mESCS,Sciences,7600277,-2.97325153504616,13.5513988557765
Type + mESCS,Sciences,7600278,27.9139307577643,17.798700855712
Type + mESCS,Sciences,7600279,9.09645605731216,16.2299836680793
Type + mESCS,Sciences,7600280,-10.7214641532265,11.7062584151224
Type + mESCS,Sciences,7600281,-2.14766210774346,10.9277103831597
Type + mESCS,Sciences,7600282,14.3542777329585,9.86654873276686
Type + mESCS,Sciences,7600283,15.9301757831359,11.8621893502665
Type + mESCS,Sciences,7600284,-2.31095628533055,12.7086803693621
Type + mESCS,Sciences,7600285,38.3977614889983,16.3232122966181
Type + mESCS,Sciences,7600286,0.685601179980539,12.6608999211568
Type + mESCS,Sciences,7600287,1.06110748304767,15.7577946346279
Type + mESCS,Sciences,7600288,-10.220037065263,17.604720576979
Type + mESCS,Sciences,7600289,-13.0818710029342,20.4801511163878
Type + mESCS,Sciences,7600290,13.2146386022202,13.6646547330238
Type + mESCS,Sciences,7600291,43.084818568408,11.6011478163748
Type + mESCS,Sciences,7600293,-18.6160450971902,15.7320433265425
Type + mESCS,Sciences,7600294,52.733464501597,13.9642029563004
Type + mESCS,Sciences,7600295,4.37144011888083,13.2944272257323
Type + mESCS,Sciences,7600296,-7.22760716733213,15.0019194550794
Type + mESCS,Sciences,7600297,18.8789988201333,13.607257351049
Type + mESCS,Sciences,7600298,-7.78665263009028,13.8750433872717
Type + mESCS,Sciences,7600299,-7.71553380465973,15.978337113382
Type + mESCS,Sciences,7600300,-1.70634508159712,13.4249193707934
Type + mESCS,Sciences,7600302,-3.51073158757318,15.9096485394036
Type + mESCS,Sciences,7600304,35.0070718159877,15.2785333839001
Type + mESCS,Sciences,7600305,5.93088449740632,17.3971805894725
Type + mESCS,Sciences,7600307,4.91090846660468,12.0792821272802
Type + mESCS,Sciences,7600308,-29.4829366090854,12.26825227942
Type + mESCS,Sciences,7600309,-13.9842977598221,15.3266638954588
Type + mESCS,Sciences,7600310,-21.7574977203984,15.1832048501743
Type + mESCS,Sciences,7600312,-42.9207844717226,12.625369082627
Type + mESCS,Sciences,7600313,-5.73108365649774,20.0292575722852
Type + mESCS,Sciences,7600316,-15.719947137046,21.4309560881376
Type + mESCS,Sciences,7600317,-15.5281594812973,14.2758188083867
Type + mESCS,Sciences,7600318,64.5752056371482,15.5410895083197
Type + mESCS,Sciences,7600319,-7.94351839967716,15.2110320648061
Type + mESCS,Sciences,7600320,40.1597945084149,11.8496131070716
Type + mESCS,Sciences,7600322,-9.51241720074445,15.9572664415832
Type + mESCS,Sciences,7600323,-5.82162884491253,11.846304213918
Type + mESCS,Sciences,7600324,-14.7547496114874,12.5939294307382
Type + mESCS,Sciences,7600325,0.973015553937989,11.4407212306339
Type + mESCS,Sciences,7600326,1.00567971549622,11.7689300161269
Type + mESCS,Sciences,7600327,-1.94593250799129,15.7228563460794
Type + mESCS,Sciences,7600328,12.2214148156175,19.6043990056567
Type + mESCS,Sciences,7600329,50.1412086783374,13.4156843678487
Type + mESCS,Sciences,7600330,5.93369056029186,14.5189996912965
Type + mESCS,Sciences,7600332,9.76209044768424,23.5732913810017
Type + mESCS,Sciences,7600333,10.0407319733204,15.6912719958113
Type + mESCS,Sciences,7600334,-1.67731123295145,16.4617927638998
Type + mESCS,Sciences,7600335,-22.1718637500869,12.0954634664966
Type + mESCS,Sciences,7600336,-34.8365111257667,16.5383067772247
Type + mESCS,Sciences,7600337,3.45370974486602,11.5864552379815
Type + mESCS,Sciences,7600338,-7.31388773678187,14.0228196368699
Type + mESCS,Sciences,7600339,-1.81552774384227,14.7609541236679
Type + mESCS,Sciences,7600341,3.61750993741794,11.5893888255468
Type + mESCS,Sciences,7600342,-36.2968499666379,17.3675044400417
Type + mESCS,Sciences,7600343,43.7890088176037,12.0197366005721
Type + mESCS,Sciences,7600344,18.4505366319556,23.6351260729274
Type + mESCS,Sciences,7600345,13.8596285198162,17.0214420957688
Type + mESCS,Sciences,7600347,28.0041758344736,16.3178168419656
Type + mESCS,Sciences,7600348,-63.2805987851325,12.5487818282526
Type + mESCS,Sciences,7600349,5.57631813999683,15.5827226078665
Type + mESCS,Sciences,7600351,-26.0564562434165,23.0493443827574
Type + mESCS,Sciences,7600352,51.3091182333271,13.7438029525818
Type + mESCS,Sciences,7600353,5.32920140193893,11.4925153372162
Type + mESCS,Sciences,7600354,-14.0827653534256,12.9648450812807
Type + mESCS,Sciences,7600357,0.31993203960626,16.5531274680108
Type + mESCS,Sciences,7600358,4.95138485081027,20.1740259288841
Type + mESCS,Sciences,7600359,5.98742307691916,14.770532186962
Type + mESCS,Sciences,7600360,-16.3982434871673,11.5627720729958
Type + mESCS,Sciences,7600361,14.9545087434681,13.7137000157647
Type + mESCS,Sciences,7600362,-7.08242258834852,15.5916132362459
Type + mESCS,Sciences,7600363,-31.9277881661632,12.1826564062104
Type + mESCS,Sciences,7600364,8.98138596526501,17.8189626891262
Type + mESCS,Sciences,7600365,6.98579037711753,12.6997620792535
Type + mESCS,Sciences,7600366,-5.37558197375915,13.3050445789789
Type + mESCS,Sciences,7600367,5.97184424305563,11.9115372343463
Type + mESCS,Sciences,7600368,-14.9667770460035,19.4955340470704
Type + mESCS,Sciences,7600369,-25.666777637851,13.1017165822567
Type + mESCS,Sciences,7600370,-15.6703118937885,20.0385804928521
Type + mESCS,Sciences,7600372,10.9156612124418,18.9411667497452
Type + mESCS,Sciences,7600373,-9.74634400860453,11.667185758294
Type + mESCS,Sciences,7600374,15.2648486849685,12.0866192411636
Type + mESCS,Sciences,7600375,4.87005356117548,18.5308057420142
Type + mESCS,Sciences,7600376,-2.13093722646307,13.0904123002842
Type + mESCS,Sciences,7600377,57.578397071003,17.6802212176759
Type + mESCS,Sciences,7600378,-5.94705947237486,14.2999857715701
Type + mESCS,Sciences,7600379,-28.8046281448477,13.166935114139
Type + mESCS,Sciences,7600380,7.23345044162358,13.8696240964862
Type + mESCS,Sciences,7600382,-7.88137269970812,13.6670771708806
Type + mESCS,Sciences,7600383,-24.0239624748358,14.4034855415385
Type + mESCS,Sciences,7600384,4.96818606983744,11.8945780761135
Type + mESCS,Sciences,7600385,17.9566453023911,14.6346174657774
Type + mESCS,Sciences,7600386,-4.94238129861493,11.0264425986373
Type + mESCS,Sciences,7600388,62.7478666961523,11.0408172699853
Type + mESCS,Sciences,7600389,8.26061462441863,13.9998847199184
Type + mESCS,Sciences,7600391,-4.8239652124893,13.0990587701755
Type + mESCS,Sciences,7600394,-6.90602894508718,21.6776829342344
Type + mESCS,Sciences,7600395,-15.7360226158244,12.2578975728789
Type + mESCS,Sciences,7600396,28.6917585815356,14.0409608305498
Type + mESCS,Sciences,7600397,-9.10909326972796,11.7354879569632
Type + mESCS,Sciences,7600398,11.3101619589179,13.3575683177361
Type + mESCS,Sciences,7600399,12.631768008313,12.2208958200155
Type + mESCS,Sciences,7600400,-22.7954754032723,12.3064960826405
Type + mESCS,Sciences,7600402,-10.086321511849,14.7374328185239
Type + mESCS,Sciences,7600403,-1.62856302714584,12.1443542229423
Type + mESCS,Sciences,7600404,-4.68893133052914,11.9376206866194
Type + mESCS,Sciences,7600405,1.18154476864469,13.6824786039958
Type + mESCS,Sciences,7600406,-16.4200929413696,12.2018726366024
Type + mESCS,Sciences,7600407,18.0660195361301,17.1693526539893
Type + mESCS,Sciences,7600408,-2.15281504669365,9.26070954321329
Type + mESCS,Sciences,7600410,6.24017782821147,17.8123022811118
Type + mESCS,Sciences,7600411,31.476192953764,16.0554427440926
Type + mESCS,Sciences,7600412,10.6334498604602,19.9391676186829
Type + mESCS,Sciences,7600413,4.8116403874698,9.80898146758338
Type + mESCS,Sciences,7600415,-10.7118191528355,18.061161237697
Type + mESCS,Sciences,7600417,-22.6565682765573,12.7533274571002
Type + mESCS,Sciences,7600418,9.2742829062757,19.7091219257999
Type + mESCS,Sciences,7600419,-21.8743187092879,15.5016416296376
Type + mESCS,Sciences,7600420,9.5281462024338,13.8806932662832
Type + mESCS,Sciences,7600422,12.5286404989838,12.8690426570782
Type + mESCS,Sciences,7600425,0.464475347362432,15.7790542897499
Type + mESCS,Sciences,7600426,-10.1923871575706,15.0301537620906
Type + mESCS,Sciences,7600427,21.5897300306674,11.7432719868336
Type + mESCS,Sciences,7600428,56.9213627987903,13.5217627332183
Type + mESCS,Sciences,7600429,0.835743646555991,15.1845653574886
Type + mESCS,Sciences,7600430,16.3892703923724,12.5946329225126
Type + mESCS,Sciences,7600431,16.6004343724878,18.1533573278589
Type + mESCS,Sciences,7600432,-10.6474317091911,14.224965192276
Type + mESCS,Sciences,7600433,17.276006356179,18.1194450418411
Type + mESCS,Sciences,7600434,6.67202204709524,11.9202819144838
Type + mESCS,Sciences,7600436,-26.1695353887692,12.0596424022398
Type + mESCS,Sciences,7600438,29.5177789094255,23.5967298540546
Type + mESCS,Sciences,7600439,-1.11178178954335,11.3476780674511
Type + mESCS,Sciences,7600440,3.38213975514188,18.2554724156946
Type + mESCS,Sciences,7600442,-5.06070303753678,20.5083160081275
Type + mESCS,Sciences,7600443,31.1295753837154,8.85768365137116
Type + mESCS,Sciences,7600444,-11.3563310225587,12.2171863535953
Type + mESCS,Sciences,7600445,9.00384703527061,13.4656445055825
Type + mESCS,Sciences,7600446,-4.44165056572875,14.0253189667766
Type + mESCS,Sciences,7600447,-7.64100776865293,14.8911330335692
Type + mESCS,Sciences,7600448,-8.28168803512007,11.6005268050614
Type + mESCS,Sciences,7600449,27.2870738137053,15.5683179638905
Type + mESCS,Sciences,7600450,-16.4266488528349,13.5818710356641
Type + mESCS,Sciences,7600451,-27.7799320530351,12.8773660394452
Type + mESCS,Sciences,7600454,5.65113784297508,13.3163203499442
Type + mESCS,Sciences,7600456,-39.2657924064122,11.9453048516984
Type + mESCS,Sciences,7600457,3.50352823897796,19.0315374421643
Type + mESCS,Sciences,7600458,-11.9991584333642,16.6228663345412
Type + mESCS,Sciences,7600459,-22.9051398380206,16.1056846057211
Type + mESCS,Sciences,7600460,27.0835693930061,14.7731349876855
Type + mESCS,Sciences,7600461,-6.78041480734519,12.1930044107027
Type + mESCS,Sciences,7600462,12.7330181171233,16.9899923648757
Type + mESCS,Sciences,7600463,9.27913236082474,12.8898009565314
Type + mESCS,Sciences,7600468,-37.1043756321076,11.2546793913879
Type + mESCS,Sciences,7600470,6.34321038531425,18.0559254713831
Type + mESCS,Sciences,7600471,3.32639019934153,11.9072182337838
Type + mESCS,Sciences,7600474,-43.8921131266293,16.2514515130405
Type + mESCS,Sciences,7600475,-11.2448167602473,14.6981587929438
Type + mESCS,Sciences,7600476,-0.312046412175565,23.8013181937657
Type + mESCS,Sciences,7600477,2.85987602776269,15.0933192185409
Type + mESCS,Sciences,7600478,25.8074930491365,19.8183805521271
Type + mESCS,Sciences,7600480,39.7575158407553,14.0737859622872
Type + mESCS,Sciences,7600481,-2.59649936145103,16.7367756135846
Type + mESCS,Sciences,7600483,-7.4665507395496,11.2779560051825
Type + mESCS,Sciences,7600485,-2.87756759253739,13.392318832758
Type + mESCS,Sciences,7600488,70.1559847813813,13.1893438355392
Type + mESCS,Sciences,7600489,25.1510423943726,17.1888807456298
Type + mESCS,Sciences,7600490,-49.5253566432225,17.2045725902292
Type + mESCS,Sciences,7600492,27.0504455257287,17.8407661412112
Type + mESCS,Sciences,7600493,-33.0297409576253,10.5390639969965
Type + mESCS,Sciences,7600497,76.432253918602,13.7563355715006
Type + mESCS,Sciences,7600498,3.2051516064233,13.3415507330879
Type + mESCS,Sciences,7600499,2.68128813390523,12.4586234483155
Type + mESCS,Sciences,7600500,42.0835946189058,14.583524060213
Type + mESCS,Sciences,7600501,18.0643793675889,12.6487350708128
Type + mESCS,Sciences,7600502,-2.0985237196799,13.4490391884907
Type + mESCS,Sciences,7600503,5.92238172134537,20.6369982582571
Type + mESCS,Sciences,7600504,-21.4682000975168,16.1353852992328
Type + mESCS,Sciences,7600505,12.1823294543109,11.2118353914315
Type + mESCS,Sciences,7600506,67.8324904666936,12.1711267374042
Type + mESCS,Sciences,7600507,-19.8736504075366,16.7544961480673
Type + mESCS,Sciences,7600508,-27.7074898232685,11.3176091972391
Type + mESCS,Sciences,7600509,42.0408642678203,15.1733376801815
Type + mESCS,Sciences,7600512,-25.5345190716678,17.8980558959112
Type + mESCS,Sciences,7600514,-58.251347362006,12.1937173196237
Type + mESCS,Sciences,7600515,-41.0071638566662,13.9487717963503
Type + mESCS,Sciences,7600516,-5.99188423256426,13.9526473283154
Type + mESCS,Sciences,7600517,-3.93558377673532,11.1989594168676
Type + mESCS,Sciences,7600520,-26.7553413856274,12.3546335257154
Type + mESCS,Sciences,7600521,-19.9826920920412,15.8788375731151
Type + mESCS,Sciences,7600522,0.564864848183822,23.2083145683273
Type + mESCS,Sciences,7600523,2.30010837152816,15.9773446838364
Type + mESCS,Sciences,7600524,-12.9038819912597,16.4018428951049
Type + mESCS,Sciences,7600526,80.3011277362813,12.654761281754
Type + mESCS,Sciences,7600527,-11.247468480898,13.5365252099783
Type + mESCS,Sciences,7600529,35.7498819210161,14.123206373363
Type + mESCS,Sciences,7600530,-18.5152844565621,12.9358088249547
Type + mESCS,Sciences,7600531,22.1526558449479,9.9022319587317
Type + mESCS,Sciences,7600532,-13.7907352893634,17.9964860552742
Type + mESCS,Sciences,7600533,17.9058572897193,11.194871573598
Type + mESCS,Sciences,7600535,-21.3737241873828,22.7429383103654
Type + mESCS,Sciences,7600537,-10.8048624548807,14.76976539929
Type + mESCS,Sciences,7600539,-16.2261747261694,18.8328013640565
Type + mESCS,Sciences,7600540,-14.8542232325245,11.3064308512402
Type + mESCS,Sciences,7600541,53.2871266298278,11.5840734571774
Type + mESCS,Sciences,7600542,10.3022766972607,11.2142141078628
Type + mESCS,Sciences,7600543,36.6435101804534,13.5780809015931
Type + mESCS,Sciences,7600544,9.91457350673687,21.745496910526
Type + mESCS,Sciences,7600546,-28.8199660104181,11.3538371308402
Type + mESCS,Sciences,7600547,47.0516626127739,10.4138083445644
Type + mESCS,Sciences,7600548,-26.4992634399156,16.1663177101499
Type + mESCS,Sciences,7600549,7.20246902818679,17.7793603934587
Type + mESCS,Sciences,7600550,-2.13305285761517,13.4156706650631
Type + mESCS,Sciences,7600551,48.9432056148721,8.37716356810824
Type + mESCS,Sciences,7600552,-15.7801235175877,22.802401056775
Type + mESCS,Sciences,7600553,7.75388278017027,14.5131673764858
Type + mESCS,Sciences,7600554,-14.4571426115159,20.393753139036
Type + mESCS,Sciences,7600555,-11.184434096932,11.4880006225963
Type + mESCS,Sciences,7600556,-16.0545920100731,13.8583447296655
Type + mESCS,Sciences,7600557,8.8955030240318,14.0115054567045
Type + mESCS,Sciences,7600558,-14.983967532838,16.6738404462957
Type + mESCS,Sciences,7600560,-67.2304164227911,8.58348914166822
Type + mESCS,Sciences,7600561,22.2493062597108,23.657416376187
Type + mESCS,Sciences,7600563,14.9976773361881,13.169339208216
Type + mESCS,Sciences,7600565,-15.7699875053084,18.0979983370385
Type + mESCS,Sciences,7600566,-24.9696780056323,16.3134440678061
Type + mESCS,Sciences,7600567,-26.0674029814907,15.696358122203
Type + mESCS,Sciences,7600568,9.70453188713404,10.6334940440947
Type + mESCS,Sciences,7600570,-17.1465981846211,13.8670215520972
Type + mESCS,Sciences,7600571,11.4682056744062,15.6945228184317
Type + mESCS,Sciences,7600573,-23.1980990636572,14.4467263822719
Type + mESCS,Sciences,7600574,-18.196206975156,12.1682516974202
Type + mESCS,Sciences,7600575,13.3406144741392,10.491728591139
Type + mESCS,Sciences,7600577,-21.6710581305042,16.3048743021291
Type + mESCS,Sciences,7600578,-9.29625870411608,13.5328603559301
Type + mESCS,Sciences,7600579,-6.88374434365148,13.1262614410011
Type + mESCS,Sciences,7600580,0.0659561296793649,23.9926456279634
Type + mESCS,Sciences,7600581,-34.2350162613966,13.1222440806852
Type + mESCS,Sciences,7600582,-51.3396035623348,12.6256168480385
Type + mESCS,Sciences,7600583,43.3567083347978,9.69445944333557
Type + mESCS,Sciences,7600584,17.8756109234733,12.1023250312178
Type + mESCS,Sciences,7600586,3.44676046094164,12.7724225896857
Type + mESCS,Sciences,7600587,21.0150719698525,14.260666708765
Type + mESCS,Sciences,7600589,-29.3412600411292,10.6765087513216
Type + mESCS,Sciences,7600590,-1.32783238900268,10.3564546386325
Type + mESCS,Sciences,7600591,15.914507060685,22.3492827565063
Type + mESCS,Sciences,7600593,-18.5420606692953,16.8577915979345
Type + mESCS,Sciences,7600594,8.45219728159714,11.3454841575696
Type + mESCS,Sciences,7600595,-20.5226844951042,11.1648119438791
Type + mESCS,Sciences,7600596,-34.5661797662575,14.0667890868914
Type + mESCS,Sciences,7600597,2.46819493878611,19.8622533820172
Type + mESCS,Sciences,7600598,61.2247722113046,10.7727527475604
Type + mESCS,Sciences,7600600,-19.0219342098982,18.3211135988055
Type + mESCS,Sciences,7600601,17.1458928112797,10.8926923929618
Type + mESCS,Sciences,7600602,9.78966290589598,15.0739974948737
Type + mESCS,Sciences,7600603,25.1143981032573,16.4086865486836
Type + mESCS,Sciences,7600604,7.40963989363999,20.8653661582905
Type + mESCS,Sciences,7600605,0.411234169884739,10.1944265692544
Type + mESCS,Sciences,7600608,-34.8230733225383,12.5533806873998
Type + mESCS,Sciences,7600609,-6.80723975779868,19.7562154023584
Type + mESCS,Sciences,7600610,-41.3493368580071,16.1643556571448
Type + mESCS,Sciences,7600611,13.0300288369287,14.0260609723245
Type + mESCS,Sciences,7600612,-30.3030433462613,14.580392228977
Type + mESCS,Sciences,7600613,7.77611508228132,18.5621394470675
Type + mESCS,Sciences,7600615,12.1211613770355,14.1352268863915
Type + mESCS,Sciences,7600616,10.2657126692829,10.5773883778753
Type + mESCS,Sciences,7600617,5.90836897556362,11.5088236774874
Type + mESCS,Sciences,7600618,2.79082219811499,20.1679852084763
Type + mESCS,Sciences,7600619,-36.2372915493405,17.2647605246066
Type + mESCS,Sciences,7600620,1.69400785710106,12.319527797397
Type + mESCS,Sciences,7600621,-1.83791220441871,11.6301529993329
Type + mESCS,Sciences,7600622,-4.87685234741166,15.5276580207414
Type + mESCS,Sciences,7600624,3.14897087956427,12.0173713300672
Type + mESCS,Sciences,7600625,-12.8367043495312,13.3959718455633
